datetime,count
2011-01-20 00:00:00,11.050265336686213
2011-01-20 01:00:00,5.771633287860003
2011-01-20 02:00:00,4.000574156414056
2011-01-20 03:00:00,4.104893954203718
2011-01-20 04:00:00,3.683212877694025
2011-01-20 05:00:00,6.447381822156851
2011-01-20 06:00:00,36.35940234497231
2011-01-20 07:00:00,93.26435053483243
2011-01-20 08:00:00,208.347505912637
2011-01-20 09:00:00,125.30520547851349
2011-01-20 10:00:00,59.048890507109796
2011-01-20 11:00:00,60.92418535644421
2011-01-20 12:00:00,74.4919002660337
2011-01-20 13:00:00,70.7024104360356
2011-01-20 14:00:00,69.80403952157656
2011-01-20 15:00:00,75.82195451552744
2011-01-20 16:00:00,85.2106693468777
2011-01-20 17:00:00,200.20781042701162
2011-01-20 18:00:00,178.64013678563157
2011-01-20 19:00:00,107.9376994307983
2011-01-20 20:00:00,72.94323871510589
2011-01-20 21:00:00,48.68070670543441
2011-01-20 22:00:00,43.0769162582132
2011-01-20 23:00:00,24.75492595517586
2011-01-21 00:00:00,13.70951822299075
2011-01-21 01:00:00,6.599188555883694
2011-01-21 02:00:00,4.477687829188309
2011-01-21 03:00:00,3.126774945779011
2011-01-21 04:00:00,2.7316685846460693
2011-01-21 05:00:00,3.8562626396298603
2011-01-21 06:00:00,32.86969508554176
2011-01-21 07:00:00,90.83151245800961
2011-01-21 08:00:00,199.2028404468469
2011-01-21 09:00:00,127.0153443667952
2011-01-21 10:00:00,48.41694058848329
2011-01-21 11:00:00,64.07379822586809
2011-01-21 12:00:00,72.90704725091699
2011-01-21 13:00:00,65.19599347967295
2011-01-21 14:00:00,60.71431303485203
2011-01-21 15:00:00,59.95386144740084
2011-01-21 16:00:00,86.80913625991101
2011-01-21 17:00:00,150.62628175014393
2011-01-21 18:00:00,144.93447415639125
2011-01-21 19:00:00,103.93098181997853
2011-01-21 20:00:00,63.662944614761976
2011-01-21 21:00:00,42.61318808048896
2011-01-21 22:00:00,33.219187360832024
2011-01-21 23:00:00,20.694651282952428
2011-01-22 00:00:00,23.409451722720014
2011-01-22 01:00:00,18.93251939848224
2011-01-22 02:00:00,12.98984979282853
2011-01-22 03:00:00,6.733115681638973
2011-01-22 04:00:00,3.441033107818917
2011-01-22 06:00:00,4.675350790793099
2011-01-22 07:00:00,10.753469174670004
2011-01-22 08:00:00,17.589549612579333
2011-01-22 09:00:00,27.30472610818784
2011-01-22 10:00:00,48.34727231831239
2011-01-22 11:00:00,52.17678955478819
2011-01-22 12:00:00,56.25808611626049
2011-01-22 13:00:00,55.45121068229626
2011-01-22 14:00:00,57.056783817079165
2011-01-22 15:00:00,58.95609271875619
2011-01-22 16:00:00,60.054514283254925
2011-01-22 17:00:00,56.627550058589925
2011-01-22 18:00:00,51.42731564547957
2011-01-22 19:00:00,36.128232468070806
2011-01-22 20:00:00,37.69266897550392
2011-01-22 21:00:00,38.073785115428066
2011-01-22 22:00:00,32.12672674096544
2011-01-22 23:00:00,18.14411107965552
2011-01-23 00:00:00,25.826114078429548
2011-01-23 01:00:00,22.71011537384922
2011-01-23 02:00:00,14.340835584009376
2011-01-23 03:00:00,11.632668861159738
2011-01-23 05:00:00,3.400735110469265
2011-01-23 06:00:00,2.703576547239063
2011-01-23 07:00:00,8.415659204645575
2011-01-23 08:00:00,15.907201803074088
2011-01-23 09:00:00,24.72459502163958
2011-01-23 10:00:00,50.34606434998892
2011-01-23 11:00:00,53.617799037340724
2011-01-23 12:00:00,62.444031076181
2011-01-23 13:00:00,60.13480629579137
2011-01-23 14:00:00,62.12551166594263
2011-01-23 15:00:00,61.90388516944555
2011-01-23 16:00:00,62.79655453151085
2011-01-23 17:00:00,57.501046733889076
2011-01-23 18:00:00,51.077799203647764
2011-01-23 19:00:00,35.32719770220477
2011-01-23 20:00:00,30.765238567799525
2011-01-23 21:00:00,26.45134608846123
2011-01-23 22:00:00,17.023937118054004
2011-01-23 23:00:00,11.60695184253034
2011-01-24 00:00:00,9.253820760790727
2011-01-24 01:00:00,4.370196765616224
2011-01-24 03:00:00,2.78818517107039
2011-01-24 04:00:00,3.2290470045210733
2011-01-24 05:00:00,6.477926725278717
2011-01-24 06:00:00,29.822532113976123
2011-01-24 07:00:00,77.52639359513635
2011-01-24 08:00:00,158.41612618387137
2011-01-24 09:00:00,94.17186302582172
2011-01-24 10:00:00,40.67784229310869
2011-01-24 11:00:00,37.781254427326374
2011-01-24 12:00:00,45.77910506681286
2011-01-24 13:00:00,44.33234967250619
2011-01-24 14:00:00,42.22898501765282
2011-01-24 15:00:00,50.76837410223722
2011-01-24 16:00:00,71.42830794275005
2011-01-24 17:00:00,153.95277465494027
2011-01-24 18:00:00,146.5951368833854
2011-01-24 19:00:00,97.02491590605868
2011-01-24 20:00:00,69.23551796184658
2011-01-24 21:00:00,39.46745010743959
2011-01-24 22:00:00,26.449269682874274
2011-01-24 23:00:00,18.63967418754925
2011-01-25 00:00:00,8.158919249126733
2011-01-25 01:00:00,4.358710769932263
2011-01-25 02:00:00,2.946432954518199
2011-01-25 04:00:00,2.87525204799387
2011-01-25 05:00:00,5.567695101101976
2011-01-25 06:00:00,35.123615607795145
2011-01-25 07:00:00,81.63782093450956
2011-01-25 08:00:00,167.85493000763302
2011-01-25 09:00:00,114.36563927328817
2011-01-25 10:00:00,55.50669932042006
2011-01-25 11:00:00,57.357775257752294
2011-01-25 12:00:00,73.43287344515556
2011-01-25 13:00:00,73.66911920467848
2011-01-25 14:00:00,67.31699059551485
2011-01-25 15:00:00,71.9415862820539
2011-01-25 16:00:00,89.66862392333768
2011-01-25 17:00:00,201.6931510365852
2011-01-25 18:00:00,186.84503093269996
2011-01-25 19:00:00,106.7807458728709
2011-01-25 20:00:00,73.93800383925414
2011-01-25 21:00:00,48.287217814178014
2011-01-25 22:00:00,38.666935923120505
2011-01-25 23:00:00,19.285745116543897
2011-01-26 00:00:00,8.74377566515493
2011-01-26 01:00:00,6.286930504871541
2011-01-26 02:00:00,3.750132442963147
2011-01-26 05:00:00,3.700625942624591
2011-01-26 06:00:00,24.59694368302068
2011-01-26 07:00:00,63.08178975092511
2011-01-26 08:00:00,127.25134362692546
2011-01-26 09:00:00,77.31708853846301
2011-01-26 10:00:00,26.48628807225412
2011-01-26 11:00:00,21.77177954641503
2011-01-26 12:00:00,20.856624393623726
2011-01-26 13:00:00,21.27185709158758
2011-01-26 14:00:00,20.64862097770358
2011-01-26 15:00:00,21.180081120539956
2011-01-26 16:00:00,47.519733531965976
2011-01-26 17:00:00,94.59815997558557
2011-01-27 16:00:00,75.47244704030828
2011-01-27 17:00:00,168.2421766322903
2011-01-27 18:00:00,140.9906636398671
2011-01-27 19:00:00,103.80416940206311
2011-01-27 20:00:00,69.05151792354764
2011-01-27 21:00:00,47.47108047402409
2011-01-27 22:00:00,38.08939200326731
2011-01-27 23:00:00,20.923514238780555
2011-01-28 00:00:00,13.681709909983388
2011-01-28 01:00:00,7.52016446126234
2011-01-28 02:00:00,2.734157118877111
2011-01-28 03:00:00,2.2960864649724715
2011-01-28 05:00:00,6.679643897726598
2011-01-28 06:00:00,31.44911086554733
2011-01-28 07:00:00,83.42519017246514
2011-01-28 08:00:00,182.1761120527941
2011-01-28 09:00:00,65.14010604514242
2011-01-28 10:00:00,36.08616200110363
2011-01-28 11:00:00,36.60949389235491
2011-01-28 12:00:00,39.19937387360211
2011-01-28 13:00:00,39.41177745295593
2011-01-28 14:00:00,44.77122538937152
2011-01-28 15:00:00,42.929567190210186
2011-01-28 16:00:00,70.339418114519
2011-01-28 17:00:00,156.43649571301458
2011-01-28 18:00:00,145.56981265683785
2011-01-28 19:00:00,102.41293061903849
2011-01-28 20:00:00,73.34944253565529
2011-01-28 21:00:00,45.63153457585373
2011-01-28 22:00:00,40.26334491027868
2011-01-28 23:00:00,26.011404422759675
2011-01-29 00:00:00,26.137862227746528
2011-01-29 01:00:00,23.4073749545974
2011-01-29 02:00:00,17.30690013984715
2011-01-29 03:00:00,12.149269397271745
2011-01-29 04:00:00,3.368962625131296
2011-01-29 06:00:00,3.686668461734245
2011-01-29 07:00:00,10.992664804760908
2011-01-29 08:00:00,23.42059428699059
2011-01-29 09:00:00,32.76838084067841
2011-01-29 10:00:00,58.966737260379595
2011-01-29 11:00:00,63.534570407001915
2011-01-29 12:00:00,79.41391831248916
2011-01-29 13:00:00,82.93891654872799
2011-01-29 14:00:00,78.33367814468738
2011-01-29 15:00:00,79.2823647279935
2011-01-29 16:00:00,83.05006442712579
2011-01-29 17:00:00,74.07279074511717
2011-01-29 18:00:00,66.51886404013705
2011-01-29 19:00:00,54.26140533665181
2011-01-29 20:00:00,42.21205768597724
2011-01-29 21:00:00,39.94402411969398
2011-01-29 22:00:00,31.080828393875738
2011-01-29 23:00:00,20.053728673981787
2011-01-30 00:00:00,27.030890312073904
2011-01-30 01:00:00,29.270809899819227
2011-01-30 02:00:00,18.771105588270377
2011-01-30 03:00:00,11.374261406757624
2011-01-30 04:00:00,4.175063810657875
2011-01-30 05:00:00,3.3434572336515025
2011-01-30 07:00:00,7.47082687414014
2011-01-30 08:00:00,12.83013155868567
2011-01-30 09:00:00,24.474454424244986
2011-01-30 10:00:00,51.65317813820187
2011-01-30 11:00:00,57.70017103509409
2011-01-30 12:00:00,88.11229734267164
2011-01-30 13:00:00,78.98744943611815
2011-01-30 14:00:00,79.68193220546665
2011-01-30 15:00:00,85.23570904144765
2011-01-30 16:00:00,85.06057746537107
2011-01-30 17:00:00,77.98199127398244
2011-01-30 18:00:00,66.74560839557438
2011-01-30 19:00:00,40.61031874758479
2011-01-30 20:00:00,37.20702457362516
2011-01-30 21:00:00,24.53100758949662
2011-01-30 22:00:00,17.055833853720443
2011-01-30 23:00:00,15.577428196473193
2011-01-31 00:00:00,10.362074931718224
2011-01-31 01:00:00,3.7735544668705034
2011-01-31 02:00:00,3.327275548579699
2011-01-31 03:00:00,3.175393897858979
2011-01-31 04:00:00,2.915869097493037
2011-01-31 05:00:00,3.4892509097907958
2011-01-31 06:00:00,33.06823937292401
2011-01-31 07:00:00,84.48609139134624
2011-01-31 08:00:00,166.41302227835706
2011-01-31 09:00:00,91.88065902743311
2011-01-31 10:00:00,39.12995358488664
2011-01-31 11:00:00,38.371671651743654
2011-01-31 12:00:00,54.783786445251195
2011-01-31 13:00:00,48.43635919390096
2011-01-31 14:00:00,52.728824242955035
2011-01-31 15:00:00,46.96883158601482
2011-01-31 16:00:00,71.79097102687909
2011-01-31 17:00:00,159.10634231561278
2011-01-31 18:00:00,149.03089263230873
2011-01-31 19:00:00,118.9134804560996
2011-01-31 20:00:00,52.85205703596393
2011-01-31 21:00:00,30.193727723659382
2011-01-31 22:00:00,27.71243420466517
2011-01-31 23:00:00,17.984632855132276
2011-02-20 00:00:00,36.62415145418026
2011-02-20 01:00:00,27.93176238476797
2011-02-20 02:00:00,17.26391855218032
2011-02-20 03:00:00,7.599548664272605
2011-02-20 04:00:00,2.943086943598882
2011-02-20 06:00:00,3.162234788704313
2011-02-20 07:00:00,9.634647985359502
2011-02-20 08:00:00,20.994429662180202
2011-02-20 09:00:00,40.46855053385374
2011-02-20 10:00:00,87.303813833682
2011-02-20 11:00:00,105.55123864316607
2011-02-20 12:00:00,113.03612247065661
2011-02-20 13:00:00,164.31222515747393
2011-02-20 14:00:00,143.77050091588666
2011-02-20 15:00:00,156.72551124226626
2011-02-20 16:00:00,147.81370958080734
2011-02-20 17:00:00,119.27559965677422
2011-02-20 18:00:00,96.8477611772382
2011-02-20 19:00:00,63.73561308802305
2011-02-20 20:00:00,54.66114196376898
2011-02-20 21:00:00,46.59767958979698
2011-02-20 22:00:00,41.83077092084331
2011-02-20 23:00:00,34.269395107092244
2011-02-21 00:00:00,26.453563172250977
2011-02-21 01:00:00,21.3770873097925
2011-02-21 02:00:00,8.122735813513058
2011-02-21 03:00:00,4.221157527245844
2011-02-21 04:00:00,3.6385565547776326
2011-02-21 05:00:00,5.054000719746658
2011-02-21 06:00:00,8.766066650269165
2011-02-21 07:00:00,57.11825541884979
2011-02-21 08:00:00,59.093057953075565
2011-02-21 09:00:00,73.2796291850705
2011-02-21 10:00:00,86.82070703729495
2011-02-21 11:00:00,89.60461220990557
2011-02-21 12:00:00,97.24779907877036
2011-02-21 13:00:00,66.88220491411776
2011-02-21 14:00:00,98.12899751199687
2011-02-21 15:00:00,93.0910635302404
2011-02-21 16:00:00,68.67676819496484
2011-02-21 17:00:00,97.3228922361578
2011-02-21 18:00:00,83.09111856645994
2011-02-21 19:00:00,69.78232593879473
2011-02-21 20:00:00,40.38307480439932
2011-02-21 21:00:00,29.900014533378926
2011-02-21 22:00:00,22.601778798805583
2011-02-21 23:00:00,13.204788199730766
2011-02-22 06:00:00,32.556751405824414
2011-02-22 07:00:00,86.88733426899192
2011-02-22 08:00:00,199.53456952245136
2011-02-22 09:00:00,118.64957355580103
2011-02-22 10:00:00,47.38097543089236
2011-02-22 11:00:00,47.452572446190885
2011-02-22 12:00:00,58.90848710089131
2011-02-22 13:00:00,66.16211350403502
2011-02-22 14:00:00,61.88872324547041
2011-02-22 15:00:00,67.95583010087579
2011-02-22 16:00:00,73.73629393670711
2011-02-22 17:00:00,167.2630419740799
2011-02-22 18:00:00,162.68770807945285
2011-02-22 19:00:00,103.3655914877272
2011-02-22 20:00:00,77.28057807175847
2011-02-22 21:00:00,57.76368249294182
2011-02-22 22:00:00,36.70662802972052
2011-02-22 23:00:00,20.369608511326213
2011-02-23 00:00:00,13.272805016383291
2011-02-23 01:00:00,6.4774292479299245
2011-02-23 02:00:00,3.1628078609334227
2011-02-23 03:00:00,2.3612209218991174
2011-02-23 05:00:00,6.939312133231806
2011-02-23 06:00:00,32.626825377134026
2011-02-23 07:00:00,90.77793624665662
2011-02-23 08:00:00,197.51424200967884
2011-02-23 09:00:00,124.35939514290833
2011-02-23 10:00:00,56.404029323796095
2011-02-23 11:00:00,60.80732831094271
2011-02-23 12:00:00,74.67367560261691
2011-02-23 13:00:00,72.97497149864355
2011-02-23 14:00:00,75.9582973328914
2011-02-23 15:00:00,78.34224729407138
2011-02-23 16:00:00,107.13598819695444
2011-02-23 17:00:00,205.15279018078311
2011-02-23 18:00:00,201.01173463756865
2011-02-23 19:00:00,126.8141483454158
2011-02-23 20:00:00,79.25327031574584
2011-02-23 21:00:00,64.02105256734106
2011-02-23 22:00:00,44.96238991288294
2011-02-23 23:00:00,30.14411428929931
2011-02-24 00:00:00,13.500080041745871
2011-02-24 01:00:00,6.486418706282895
2011-02-24 02:00:00,3.1662275410566103
2011-02-24 03:00:00,2.3476607530130127
2011-02-24 05:00:00,7.303640056166398
2011-02-24 06:00:00,37.44708173135717
2011-02-24 07:00:00,98.62094294260748
2011-02-24 08:00:00,240.38460472505932
2011-02-24 09:00:00,127.44591433152321
2011-02-24 10:00:00,57.26696741113445
2011-02-24 11:00:00,72.9541863921428
2011-02-24 12:00:00,88.68515223436525
2011-02-24 13:00:00,88.36791356958851
2011-02-24 14:00:00,90.59912274728696
2011-02-24 15:00:00,34.84249709115161
2011-02-24 16:00:00,49.71122346387689
2011-02-24 17:00:00,88.42392834525747
2011-02-24 18:00:00,148.52049768663545
2011-02-24 19:00:00,58.936461405439516
2011-02-24 20:00:00,73.58359042343083
2011-02-24 21:00:00,60.435755603112874
2011-02-24 22:00:00,34.276260434280545
2011-02-24 23:00:00,29.586119217275225
2011-02-25 00:00:00,6.624572058781284
2011-02-25 01:00:00,9.362612369393508
2011-02-25 02:00:00,6.994591177345
2011-02-25 03:00:00,2.797823073349128
2011-02-25 05:00:00,6.853762072465387
2011-02-25 06:00:00,25.520642128153533
2011-02-25 07:00:00,46.341283910978234
2011-02-25 08:00:00,78.85695297092342
2011-02-25 09:00:00,52.115721155311384
2011-02-25 10:00:00,29.29285815313271
2011-02-25 11:00:00,91.10663509256585
2011-02-25 12:00:00,62.87931348819249
2011-02-25 13:00:00,61.73501244408654
2011-02-25 14:00:00,64.18114299313707
2011-02-25 15:00:00,169.00233108198137
2011-02-25 16:00:00,106.7763181880991
2011-02-25 17:00:00,183.8541185025424
2011-02-25 18:00:00,167.9294971298582
2011-02-25 19:00:00,110.1778774571059
2011-02-25 20:00:00,71.5905571990737
2011-02-25 21:00:00,53.57319261198366
2011-02-25 22:00:00,43.11356677594673
2011-02-25 23:00:00,35.39921419113198
2011-02-26 00:00:00,30.009745263531748
2011-02-26 01:00:00,25.83239226777984
2011-02-26 02:00:00,17.359453322361734
2011-02-26 03:00:00,11.687564128355438
2011-02-26 04:00:00,3.5801750749718417
2011-02-26 05:00:00,3.1565290691739376
2011-02-26 06:00:00,3.611291633340559
2011-02-26 07:00:00,9.053521297366713
2011-02-26 08:00:00,15.851384313836528
2011-02-26 09:00:00,51.717674590487626
2011-02-26 10:00:00,96.35140303151769
2011-02-26 11:00:00,106.0505889019337
2011-02-26 12:00:00,127.45668979748044
2011-02-26 13:00:00,143.41806987536242
2011-02-26 14:00:00,140.194482333968
2011-02-26 15:00:00,148.09661906825409
2011-02-26 16:00:00,139.47199245074512
2011-02-26 17:00:00,126.16254149972815
2011-02-26 18:00:00,103.0663291198685
2011-02-26 19:00:00,67.53021316382498
2011-02-26 20:00:00,47.77156089013701
2011-02-26 21:00:00,47.20194916479137
2011-02-26 22:00:00,47.53311499479679
2011-02-26 23:00:00,44.02037990580059
2011-02-27 00:00:00,36.86545934395227
2011-02-27 01:00:00,33.06490097421402
2011-02-27 02:00:00,21.955939229904445
2011-02-27 03:00:00,12.742862552245786
2011-02-27 04:00:00,4.162453089640527
2011-02-27 06:00:00,3.732120518473521
2011-02-27 07:00:00,9.141337354546467
2011-02-27 08:00:00,16.026398156498917
2011-02-27 09:00:00,37.89843395516129
2011-02-27 10:00:00,79.65488786508595
2011-02-27 11:00:00,125.28244661252326
2011-02-27 12:00:00,140.30633353447374
2011-02-27 13:00:00,155.12404892387448
2011-02-27 14:00:00,170.88678342759135
2011-02-27 15:00:00,218.28371042783766
2011-02-27 16:00:00,227.69661493225559
2011-02-27 17:00:00,132.18133822132
2011-02-27 18:00:00,110.28206272736774
2011-02-27 19:00:00,76.72108891828192
2011-02-27 20:00:00,60.62236659091556
2011-02-27 21:00:00,59.9235456894619
2011-02-27 22:00:00,48.83108672712532
2011-02-27 23:00:00,39.28177240978235
2011-02-28 00:00:00,14.755648671209366
2011-02-28 01:00:00,4.621152679065144
2011-02-28 03:00:00,2.533336510572231
2011-02-28 05:00:00,7.1449185913760385
2011-02-28 06:00:00,34.520908557409655
2011-02-28 07:00:00,102.09407015638764
2011-02-28 08:00:00,186.69087922774597
2011-02-28 09:00:00,118.33071520525989
2011-02-28 10:00:00,78.90706055331583
2011-02-28 11:00:00,90.24655882824152
2011-02-28 12:00:00,115.72681643485862
2011-02-28 13:00:00,56.38515769517148
2011-02-28 14:00:00,41.219136984014526
2011-02-28 15:00:00,36.31243201145735
2011-02-28 16:00:00,45.448663032145966
2011-02-28 17:00:00,47.271142186961704
2011-02-28 18:00:00,76.00161335864507
2011-02-28 19:00:00,57.4354715018255
2011-02-28 20:00:00,54.50381301266437
2011-02-28 21:00:00,62.65855113455469
2011-02-28 22:00:00,30.76511157335713
2011-02-28 23:00:00,23.889264025631732
2011-03-20 00:00:00,38.72836503144125
2011-03-20 01:00:00,36.76530108111805
2011-03-20 02:00:00,20.066230304151
2011-03-20 03:00:00,9.412067488053465
2011-03-20 04:00:00,2.886169173422699
2011-03-20 05:00:00,2.9578127313661513
2011-03-20 06:00:00,3.072756212456611
2011-03-20 07:00:00,15.583731726014973
2011-03-20 08:00:00,40.03004388441572
2011-03-20 09:00:00,63.907901189559844
2011-03-20 10:00:00,111.75136714028956
2011-03-20 11:00:00,133.4829919933091
2011-03-20 12:00:00,155.86462823498763
2011-03-20 13:00:00,144.83796229369207
2011-03-20 14:00:00,148.47681241242836
2011-03-20 15:00:00,148.19011095668475
2011-03-20 16:00:00,145.340774929707
2011-03-20 17:00:00,133.96853255115215
2011-03-20 18:00:00,146.6465052635837
2011-03-20 19:00:00,99.94290141615424
2011-03-20 20:00:00,77.79567879125442
2011-03-20 21:00:00,58.306724653564224
2011-03-20 22:00:00,43.85355672049775
2011-03-20 23:00:00,30.79572376081871
2011-03-21 00:00:00,10.369632038297997
2011-03-21 01:00:00,6.73689159112045
2011-03-21 02:00:00,4.79109311265353
2011-03-21 03:00:00,3.2029764243156444
2011-03-21 05:00:00,5.4589888873950105
2011-03-21 06:00:00,38.33454567140333
2011-03-21 07:00:00,74.48128801623061
2011-03-21 08:00:00,216.1021974898626
2011-03-21 09:00:00,117.88484541412579
2011-03-21 10:00:00,67.13582810450183
2011-03-21 11:00:00,79.3324701417137
2011-03-21 12:00:00,85.6380046017579
2011-03-21 13:00:00,115.98132419568115
2011-03-21 14:00:00,116.56745124533734
2011-03-21 15:00:00,134.63365864744145
2011-03-21 16:00:00,164.7518304999096
2011-03-21 17:00:00,319.3049752723488
2011-03-21 18:00:00,272.59980432278724
2011-03-21 19:00:00,243.87928972454446
2011-03-21 20:00:00,163.73644199441486
2011-03-21 21:00:00,78.02778583342723
2011-03-21 22:00:00,81.37551786438189
2011-03-21 23:00:00,47.63569153120051
2011-03-22 00:00:00,26.433782442203086
2011-03-22 01:00:00,6.38848051053604
2011-03-22 02:00:00,7.55634708995287
2011-03-22 03:00:00,4.11759299244556
2011-03-22 04:00:00,3.6706849361297746
2011-03-22 05:00:00,11.188771697230228
2011-03-22 06:00:00,46.079241062237
2011-03-22 07:00:00,130.1222253308322
2011-03-22 08:00:00,171.1209001508208
2011-03-22 09:00:00,125.32301119968602
2011-03-22 10:00:00,88.68375684488228
2011-03-22 11:00:00,90.99324966704548
2011-03-22 12:00:00,117.66599880941948
2011-03-22 13:00:00,116.556393447986
2011-03-22 14:00:00,113.3919533552155
2011-03-22 15:00:00,121.85191465108421
2011-03-22 16:00:00,165.28662627729307
2011-03-22 17:00:00,327.7280779748029
2011-03-22 18:00:00,303.9356874885211
2011-03-22 19:00:00,182.31571638130404
2011-03-22 20:00:00,127.63947358785005
2011-03-22 21:00:00,92.27692777128583
2011-03-22 22:00:00,70.82859612601018
2011-03-22 23:00:00,39.826966545968574
2011-03-23 00:00:00,13.591825850673967
2011-03-23 01:00:00,7.962734268292522
2011-03-23 02:00:00,4.492249781794874
2011-03-23 03:00:00,3.342134530271374
2011-03-23 05:00:00,8.921950932926606
2011-03-23 06:00:00,45.60250103985417
2011-03-23 07:00:00,108.82881262969799
2011-03-23 08:00:00,236.13220815559086
2011-03-23 09:00:00,139.95805254418528
2011-03-23 10:00:00,57.24526075236309
2011-03-23 11:00:00,59.662889612607124
2011-03-23 12:00:00,60.87752492819396
2011-03-23 13:00:00,47.14356448120361
2011-03-23 14:00:00,72.52245520729628
2011-03-23 15:00:00,83.04156518218312
2011-03-23 16:00:00,134.85206288361485
2011-03-23 17:00:00,210.00517159367226
2011-03-23 18:00:00,105.09458231022883
2011-03-23 19:00:00,93.38718917128381
2011-03-23 20:00:00,51.491271995565455
2011-03-23 21:00:00,37.27830440518096
2011-03-23 22:00:00,40.35358888090786
2011-03-23 23:00:00,28.377048733730636
2011-03-24 00:00:00,11.558283278531217
2011-03-24 01:00:00,5.437116475195511
2011-03-24 02:00:00,5.491950329190942
2011-03-24 03:00:00,3.427344487253993
2011-03-24 04:00:00,2.903904066565401
2011-03-24 05:00:00,7.037086595791734
2011-03-24 06:00:00,39.64405459859941
2011-03-24 07:00:00,67.91851092044722
2011-03-24 08:00:00,119.88370609202286
2011-03-24 09:00:00,135.97077622632102
2011-03-24 10:00:00,33.98724689764442
2011-03-24 11:00:00,48.72807592167271
2011-03-24 12:00:00,71.77391177516704
2011-03-24 13:00:00,83.27539655214377
2011-03-24 14:00:00,72.16240228492597
2011-03-24 15:00:00,72.68642734294474
2011-03-24 16:00:00,90.5286810170106
2011-03-24 17:00:00,212.20066986054226
2011-03-24 18:00:00,190.58756012799907
2011-03-24 19:00:00,116.0920352061226
2011-03-24 20:00:00,81.47124118972393
2011-03-24 21:00:00,64.38547895381122
2011-03-24 22:00:00,54.95598991290598
2011-03-24 23:00:00,37.79426997134646
2011-03-25 00:00:00,17.604260833883302
2011-03-25 01:00:00,6.0818786153254765
2011-03-25 02:00:00,4.71244773900832
2011-03-25 03:00:00,2.88982783034547
2011-03-25 04:00:00,2.5738076784137616
2011-03-25 05:00:00,9.323708131595264
2011-03-25 06:00:00,41.3529161761303
2011-03-25 07:00:00,106.45048836945656
2011-03-25 08:00:00,221.21016351559948
2011-03-25 09:00:00,139.56549477733904
2011-03-25 10:00:00,76.5827367922291
2011-03-25 11:00:00,83.81098879525511
2011-03-25 12:00:00,96.39342774605537
2011-03-25 13:00:00,96.62609914812163
2011-03-25 14:00:00,103.30403786510253
2011-03-25 15:00:00,95.91484801599134
2011-03-25 16:00:00,128.86191526187915
2011-03-25 17:00:00,217.95364244736484
2011-03-25 18:00:00,207.13347765311238
2011-03-25 19:00:00,125.88813328266964
2011-03-25 20:00:00,79.80283224499937
2011-03-25 21:00:00,65.09988389120105
2011-03-25 22:00:00,45.5128066907922
2011-03-25 23:00:00,34.60777493676579
2011-03-26 00:00:00,33.37045326125025
2011-03-26 01:00:00,30.465887303618608
2011-03-26 02:00:00,18.403904877436123
2011-03-26 03:00:00,8.833684987334548
2011-03-26 04:00:00,3.687704136514435
2011-03-26 05:00:00,3.713309799264088
2011-03-26 06:00:00,7.981213947527866
2011-03-26 07:00:00,20.657896629598046
2011-03-26 08:00:00,43.10043624921781
2011-03-26 09:00:00,68.07012035167527
2011-03-26 10:00:00,94.74743965199876
2011-03-26 11:00:00,100.7430847863992
2011-03-26 12:00:00,116.96825831965877
2011-03-26 13:00:00,137.6908766788742
2011-03-26 14:00:00,148.13364734858675
2011-03-26 15:00:00,151.06912709231887
2011-03-26 16:00:00,149.91398557867896
2011-03-26 17:00:00,138.60878375315954
2011-03-26 18:00:00,118.50095864609433
2011-03-26 19:00:00,70.23183050055044
2011-03-26 20:00:00,57.46076469721077
2011-03-26 21:00:00,56.47426877398502
2011-03-26 22:00:00,48.06337959344855
2011-03-26 23:00:00,35.65842541879872
2011-03-27 00:00:00,34.11343208044532
2011-03-27 01:00:00,26.758549127493275
2011-03-27 02:00:00,19.991449516037182
2011-03-27 03:00:00,10.764691350275863
2011-03-27 04:00:00,5.42225892550923
2011-03-27 06:00:00,7.2588806018714696
2011-03-27 07:00:00,21.137297556147352
2011-03-27 08:00:00,34.77213299465551
2011-03-27 09:00:00,58.21855841622001
2011-03-27 10:00:00,80.18730885626103
2011-03-27 11:00:00,90.1653741179705
2011-03-27 12:00:00,104.20718567481298
2011-03-27 13:00:00,118.59467559715178
2011-03-27 14:00:00,136.72789207051423
2011-03-27 15:00:00,141.74901702093723
2011-03-27 16:00:00,164.51142700450472
2011-03-27 17:00:00,137.8166998379166
2011-03-27 18:00:00,93.39649419350395
2011-03-27 19:00:00,64.52551717306623
2011-03-27 20:00:00,49.692860842475426
2011-03-27 21:00:00,48.09365740511951
2011-03-27 22:00:00,43.14368230821409
2011-03-27 23:00:00,33.63963986981732
2011-03-28 00:00:00,11.999107725082988
2011-03-28 01:00:00,4.8244687478140955
2011-03-28 02:00:00,3.995187763523056
2011-03-28 03:00:00,3.1210731481267873
2011-03-28 05:00:00,7.6085847246432765
2011-03-28 06:00:00,41.791179158511305
2011-03-28 07:00:00,104.34162560211986
2011-03-28 08:00:00,211.63870427010238
2011-03-28 09:00:00,127.09005433297692
2011-03-28 10:00:00,66.19995293755356
2011-03-28 11:00:00,61.80913962773819
2011-03-28 12:00:00,74.52232785827978
2011-03-28 13:00:00,76.2448855441448
2011-03-28 14:00:00,80.66996998935717
2011-03-28 15:00:00,80.43645170884697
2011-03-28 16:00:00,120.97377035736207
2011-03-28 17:00:00,245.0107752353344
2011-03-28 18:00:00,223.13292664317828
2011-03-28 19:00:00,140.45109040715107
2011-03-28 20:00:00,90.08421889953357
2011-03-28 21:00:00,66.97201709824023
2011-03-28 22:00:00,48.20304845999094
2011-03-28 23:00:00,27.303408349854962
2011-03-29 00:00:00,12.955865851341901
2011-03-29 01:00:00,3.750379998990782
2011-03-29 02:00:00,4.435303777085771
2011-03-29 03:00:00,3.4711547046826077
2011-03-29 04:00:00,2.5751155358078526
2011-03-29 05:00:00,6.4421091304824545
2011-03-29 06:00:00,44.307498161926596
2011-03-29 07:00:00,108.54867935063088
2011-03-29 08:00:00,224.91075529956956
2011-03-29 09:00:00,132.20999606058749
2011-03-29 10:00:00,68.07160364708764
2011-03-29 11:00:00,71.33358945590972
2011-03-29 12:00:00,82.13248612388296
2011-03-29 13:00:00,79.51610593580253
2011-03-29 14:00:00,89.33405442396719
2011-03-29 15:00:00,97.03213535581307
2011-03-29 16:00:00,121.402387208303
2011-03-29 17:00:00,219.42155940707886
2011-03-29 18:00:00,237.8114168778231
2011-03-29 19:00:00,152.4774461575275
2011-03-29 20:00:00,94.97296622521331
2011-03-29 21:00:00,74.7994815165254
2011-03-29 22:00:00,56.50737485925394
2011-03-29 23:00:00,29.182206455772413
2011-03-30 00:00:00,16.013383849209216
2011-03-30 01:00:00,8.757453931087483
2011-03-30 02:00:00,5.047366306278781
2011-03-30 03:00:00,4.27641227840568
2011-03-30 04:00:00,4.303676706466933
2011-03-30 05:00:00,9.024089988734403
2011-03-30 06:00:00,45.71254039934705
2011-03-30 07:00:00,136.57521841346534
2011-03-30 08:00:00,257.48449630650634
2011-03-30 09:00:00,150.48876247200306
2011-03-30 10:00:00,77.00448910299332
2011-03-30 11:00:00,77.45834056680762
2011-03-30 12:00:00,84.18440621243697
2011-03-30 13:00:00,91.35957696086007
2011-03-30 14:00:00,84.78860733898404
2011-03-30 15:00:00,35.70189234235422
2011-03-30 16:00:00,57.9401277954387
2011-03-30 17:00:00,115.09689908989638
2011-03-30 18:00:00,128.59708409894176
2011-03-30 19:00:00,81.80592879869924
2011-03-30 20:00:00,54.58440280458431
2011-03-30 21:00:00,57.522700554795655
2011-03-30 22:00:00,33.620414602090456
2011-03-30 23:00:00,25.909778124005925
2011-03-31 00:00:00,7.719501978492743
2011-03-31 01:00:00,5.0494587712656225
2011-03-31 02:00:00,5.086917948776605
2011-03-31 03:00:00,3.493967486407768
2011-03-31 04:00:00,3.214959655446418
2011-03-31 05:00:00,7.403330040215031
2011-03-31 06:00:00,28.848838238935226
2011-03-31 07:00:00,69.7845719033281
2011-03-31 08:00:00,188.8983085344283
2011-03-31 09:00:00,76.06607532343001
2011-03-31 10:00:00,35.986568064410555
2011-03-31 11:00:00,39.52231698782158
2011-03-31 12:00:00,42.886308128052214
2011-03-31 13:00:00,43.176991932914405
2011-03-31 14:00:00,41.14877310098501
2011-03-31 15:00:00,28.38636759757294
2011-03-31 16:00:00,79.2296006402116
2011-03-31 17:00:00,167.39838858107606
2011-03-31 18:00:00,150.00310233565438
2011-03-31 19:00:00,109.90876552045216
2011-03-31 20:00:00,51.95378972927551
2011-03-31 21:00:00,61.19011834643674
2011-03-31 22:00:00,34.8958488044904
2011-03-31 23:00:00,30.560131900683064
2011-04-20 00:00:00,28.562153912137006
2011-04-20 01:00:00,6.844012443292427
2011-04-20 02:00:00,7.887353911148287
2011-04-20 03:00:00,4.374378796212074
2011-04-20 04:00:00,4.049638194283302
2011-04-20 05:00:00,12.31501070577549
2011-04-20 06:00:00,50.10414326006554
2011-04-20 07:00:00,91.77026014006269
2011-04-20 08:00:00,258.6803552661117
2011-04-20 09:00:00,160.15701586282387
2011-04-20 10:00:00,109.73050034720822
2011-04-20 11:00:00,110.42181039217438
2011-04-20 12:00:00,138.24465941250756
2011-04-20 13:00:00,138.80093280107295
2011-04-20 14:00:00,138.636021709565
2011-04-20 15:00:00,137.17300924234164
2011-04-20 16:00:00,198.3857067574327
2011-04-20 17:00:00,359.48736792923665
2011-04-20 18:00:00,352.9548985397121
2011-04-20 19:00:00,272.0695232868104
2011-04-20 20:00:00,171.77476190702777
2011-04-20 21:00:00,135.07352899951067
2011-04-20 22:00:00,113.17171725766906
2011-04-20 23:00:00,59.27567950761413
2011-04-21 00:00:00,29.722634075879604
2011-04-21 01:00:00,15.390891308855215
2011-04-21 02:00:00,11.460847477207507
2011-04-21 03:00:00,4.790653175530126
2011-04-21 04:00:00,4.384394404583993
2011-04-21 05:00:00,6.790197404819622
2011-04-21 06:00:00,46.34869098868735
2011-04-21 07:00:00,113.07053835133526
2011-04-21 08:00:00,121.7697969858767
2011-04-21 09:00:00,136.2513043931747
2011-04-21 10:00:00,104.32004460367052
2011-04-21 11:00:00,118.24521488709486
2011-04-21 12:00:00,132.5904473965302
2011-04-21 13:00:00,123.6576941205307
2011-04-21 14:00:00,120.95327253493657
2011-04-21 15:00:00,124.19016922141407
2011-04-21 16:00:00,175.41127915579642
2011-04-21 17:00:00,335.4270189617339
2011-04-21 18:00:00,311.3578929662083
2011-04-21 19:00:00,217.8760870371658
2011-04-21 20:00:00,160.2693824986308
2011-04-21 21:00:00,111.1351153878178
2011-04-21 22:00:00,80.81412708997878
2011-04-21 23:00:00,42.99516831916302
2011-04-22 00:00:00,28.92292570372162
2011-04-22 01:00:00,18.17369560347943
2011-04-22 02:00:00,9.067921931404138
2011-04-22 03:00:00,5.637912012983831
2011-04-22 04:00:00,4.358617717862471
2011-04-22 05:00:00,8.2080965115861
2011-04-22 06:00:00,47.32851619201626
2011-04-22 07:00:00,119.64337381839486
2011-04-22 08:00:00,188.02550119962535
2011-04-22 09:00:00,77.1733542119478
2011-04-22 10:00:00,100.64795311840146
2011-04-22 11:00:00,66.6752565059705
2011-04-22 12:00:00,72.06374550988085
2011-04-22 13:00:00,42.00895100896813
2011-04-22 14:00:00,24.61726442109451
2011-04-22 15:00:00,42.85714730437075
2011-04-22 16:00:00,81.2980068416262
2011-04-22 17:00:00,105.56392850658708
2011-04-22 18:00:00,78.18579176924926
2011-04-22 19:00:00,65.2622358659726
2011-04-22 20:00:00,57.42959855650531
2011-04-22 21:00:00,50.68138521813293
2011-04-22 22:00:00,40.45169938286694
2011-04-22 23:00:00,41.66920259724666
2011-04-23 00:00:00,28.230590363468465
2011-04-23 01:00:00,24.547034310484616
2011-04-23 02:00:00,20.03045992246281
2011-04-23 03:00:00,14.371956795224035
2011-04-23 04:00:00,5.871439677482275
2011-04-23 05:00:00,5.9063706670973435
2011-04-23 06:00:00,12.363908278053392
2011-04-23 07:00:00,40.307313542914784
2011-04-23 08:00:00,36.546289453632085
2011-04-23 09:00:00,57.30863106111231
2011-04-23 10:00:00,116.48056979139086
2011-04-23 11:00:00,101.67421881155963
2011-04-23 12:00:00,96.96641227175175
2011-04-23 13:00:00,106.4073237413292
2011-04-23 14:00:00,141.5643338627933
2011-04-23 15:00:00,173.98531106896374
2011-04-23 16:00:00,217.42090769359777
2011-04-23 17:00:00,243.4536275129835
2011-04-23 18:00:00,219.06708129413173
2011-04-23 19:00:00,136.81728136789434
2011-04-23 20:00:00,104.72744560250335
2011-04-23 21:00:00,101.14982541285522
2011-04-23 22:00:00,102.66754124141596
2011-04-23 23:00:00,68.83367180430864
2011-04-24 00:00:00,38.30926742813348
2011-04-24 01:00:00,31.313211188398075
2011-04-24 02:00:00,31.94049520482775
2011-04-24 03:00:00,23.43560989240325
2011-04-24 04:00:00,7.757009763978485
2011-04-24 05:00:00,8.246153835511771
2011-04-24 06:00:00,8.198185767414714
2011-04-24 07:00:00,44.235020349940726
2011-04-24 08:00:00,90.10574017189265
2011-04-24 09:00:00,134.40074962412623
2011-04-24 10:00:00,232.51672282370703
2011-04-24 11:00:00,284.21710509644214
2011-04-24 12:00:00,299.82203286453927
2011-04-24 13:00:00,301.39911634317826
2011-04-24 14:00:00,306.8380257214315
2011-04-24 15:00:00,304.17048567017656
2011-04-24 16:00:00,311.50508781365124
2011-04-24 17:00:00,291.305553739795
2011-04-24 18:00:00,267.8245715787761
2011-04-24 19:00:00,112.38695513810579
2011-04-24 20:00:00,88.74606073128714
2011-04-24 21:00:00,70.76715307097932
2011-04-24 22:00:00,36.35725690340967
2011-04-24 23:00:00,46.63483565375248
2011-04-25 00:00:00,21.888156404996106
2011-04-25 01:00:00,6.908618785955357
2011-04-25 02:00:00,8.024589428151375
2011-04-25 03:00:00,4.2734605347943795
2011-04-25 04:00:00,4.39812054824448
2011-04-25 05:00:00,13.051387900862203
2011-04-25 06:00:00,55.22894705921156
2011-04-25 07:00:00,116.5794279847875
2011-04-25 08:00:00,249.88581045116132
2011-04-25 09:00:00,151.94412786392584
2011-04-25 10:00:00,108.94116808230103
2011-04-25 11:00:00,110.93877927398549
2011-04-25 12:00:00,124.91191933597592
2011-04-25 13:00:00,137.70960964453485
2011-04-25 14:00:00,148.81612053985359
2011-04-25 15:00:00,153.4433996238376
2011-04-25 16:00:00,214.10594983432458
2011-04-25 17:00:00,403.490718470424
2011-04-25 18:00:00,389.12433899064536
2011-04-25 19:00:00,285.3958692907409
2011-04-25 20:00:00,175.9187850673829
2011-04-25 21:00:00,149.11613302314518
2011-04-25 22:00:00,96.27051796693374
2011-04-25 23:00:00,54.77318817287551
2011-04-26 00:00:00,25.814600483294818
2011-04-26 01:00:00,10.991885024251621
2011-04-26 02:00:00,6.1314245003384125
2011-04-26 03:00:00,4.144214582979591
2011-04-26 04:00:00,4.632813663926543
2011-04-26 05:00:00,8.322959971202067
2011-04-26 06:00:00,52.7563284209321
2011-04-26 07:00:00,159.64171757807352
2011-04-26 08:00:00,219.0459236609263
2011-04-26 09:00:00,129.73075741806684
2011-04-26 10:00:00,100.33665031253193
2011-04-26 11:00:00,106.91889511513546
2011-04-26 12:00:00,124.03697778206977
2011-04-26 13:00:00,139.03025409847268
2011-04-26 14:00:00,139.14663994348737
2011-04-26 15:00:00,130.6829115273497
2011-04-26 16:00:00,212.07256226350032
2011-04-26 17:00:00,399.59370854410497
2011-04-26 18:00:00,373.006401103571
2011-04-26 19:00:00,219.80813263174713
2011-04-26 20:00:00,152.21400530425612
2011-04-26 21:00:00,129.71251489819355
2011-04-26 22:00:00,116.8901220143546
2011-04-26 23:00:00,57.039738696581345
2011-04-27 00:00:00,25.60613747892466
2011-04-27 01:00:00,11.551238742907225
2011-04-27 02:00:00,7.199127938643161
2011-04-27 03:00:00,3.714195848461766
2011-04-27 04:00:00,4.196501822478908
2011-04-27 05:00:00,7.954374484479079
2011-04-27 06:00:00,51.95225679838708
2011-04-27 07:00:00,174.3085044153736
2011-04-27 08:00:00,218.00043292138963
2011-04-27 09:00:00,117.11498698787251
2011-04-27 10:00:00,89.65093853363648
2011-04-27 11:00:00,85.6906092729373
2011-04-27 12:00:00,84.66554102415904
2011-04-27 13:00:00,87.07403990183914
2011-04-27 14:00:00,111.13171656594929
2011-04-27 15:00:00,125.03205161358562
2011-04-27 16:00:00,191.1410254753752
2011-04-27 17:00:00,143.21215595034684
2011-04-27 18:00:00,142.4755515335956
2011-04-27 19:00:00,194.13857624721123
2011-04-27 20:00:00,124.43481920230067
2011-04-27 21:00:00,102.85500136166608
2011-04-27 22:00:00,92.41398052930519
2011-04-27 23:00:00,59.5798315184821
2011-04-28 00:00:00,30.652220931114112
2011-04-28 01:00:00,12.31317296477506
2011-04-28 02:00:00,6.701873493978455
2011-04-28 03:00:00,4.421423995893683
2011-04-28 04:00:00,4.180714569787929
2011-04-28 05:00:00,6.924199451954371
2011-04-28 06:00:00,52.35867405593789
2011-04-28 07:00:00,144.14776650789688
2011-04-28 08:00:00,201.44474434000585
2011-04-28 09:00:00,95.61065443735802
2011-04-28 10:00:00,96.87062167305942
2011-04-28 11:00:00,87.6984310864113
2011-04-28 12:00:00,94.79900423543131
2011-04-28 13:00:00,90.4121600898912
2011-04-28 14:00:00,84.40581511637305
2011-04-28 15:00:00,128.4100976136284
2011-04-28 16:00:00,161.75473815790554
2011-04-28 17:00:00,368.1555149020468
2011-04-28 18:00:00,359.33124935526075
2011-04-28 19:00:00,264.07535090572424
2011-04-28 20:00:00,163.70282942421662
2011-04-28 21:00:00,137.18307359382646
2011-04-28 22:00:00,108.55539022848636
2011-04-28 23:00:00,66.76230431511735
2011-04-29 00:00:00,43.618256639034236
2011-04-29 01:00:00,21.71077750415395
2011-04-29 02:00:00,14.415423085910646
2011-04-29 03:00:00,6.095418329131293
2011-04-29 04:00:00,4.757141767374796
2011-04-29 05:00:00,12.430201187895108
2011-04-29 06:00:00,49.06829215083711
2011-04-29 07:00:00,192.908050169706
2011-04-29 08:00:00,278.6840901277402
2011-04-29 09:00:00,173.3873428426651
2011-04-29 10:00:00,143.90974537123543
2011-04-29 11:00:00,158.98760869522891
2011-04-29 12:00:00,185.33769923572115
2011-04-29 13:00:00,184.07758783410426
2011-04-29 14:00:00,194.55714575325172
2011-04-29 15:00:00,175.15222693076973
2011-04-29 16:00:00,215.1048650348664
2011-04-29 17:00:00,327.76581607663434
2011-04-29 18:00:00,324.2698609119853
2011-04-29 19:00:00,206.72644507830927
2011-04-29 20:00:00,141.08065833737484
2011-04-29 21:00:00,120.75715890964003
2011-04-29 22:00:00,92.2879356410244
2011-04-29 23:00:00,47.39901977012675
2011-04-30 00:00:00,35.9727504887119
2011-04-30 01:00:00,28.531384279345072
2011-04-30 02:00:00,26.521746340472266
2011-04-30 03:00:00,15.958318963581647
2011-04-30 04:00:00,6.030599918802288
2011-04-30 05:00:00,5.744688280903847
2011-04-30 06:00:00,20.115533208242272
2011-04-30 07:00:00,29.81461854462962
2011-04-30 08:00:00,73.27780762137859
2011-04-30 09:00:00,149.49150285786726
2011-04-30 10:00:00,198.4649482604124
2011-04-30 11:00:00,226.8528139451095
2011-04-30 12:00:00,250.14445134868717
2011-04-30 13:00:00,256.13253329570176
2011-04-30 14:00:00,248.0118999315423
2011-04-30 15:00:00,253.04487946246525
2011-04-30 16:00:00,274.91570358320547
2011-04-30 17:00:00,302.5890157406619
2011-04-30 18:00:00,283.9432428344028
2011-04-30 19:00:00,217.36591036334025
2011-04-30 20:00:00,128.39579719618746
2011-04-30 21:00:00,106.81763641512373
2011-04-30 22:00:00,81.3880533851209
2011-04-30 23:00:00,55.12942815720447
2011-05-20 00:00:00,33.467974794623565
2011-05-20 01:00:00,15.669588106189131
2011-05-20 02:00:00,11.649514359772546
2011-05-20 03:00:00,6.319721151082495
2011-05-20 04:00:00,5.772650460588093
2011-05-20 05:00:00,23.413836474967006
2011-05-20 06:00:00,87.81130775185997
2011-05-20 07:00:00,263.237762119125
2011-05-20 08:00:00,435.0880674857664
2011-05-20 09:00:00,210.26587247578524
2011-05-20 10:00:00,157.93127080435147
2011-05-20 11:00:00,170.40845043272972
2011-05-20 12:00:00,246.27658627413433
2011-05-20 13:00:00,225.0843824483319
2011-05-20 14:00:00,242.7527898300449
2011-05-20 15:00:00,250.92257301674377
2011-05-20 16:00:00,361.86055346490434
2011-05-20 17:00:00,420.1058538304429
2011-05-20 18:00:00,484.059564919526
2011-05-20 19:00:00,326.9236448667843
2011-05-20 20:00:00,224.29214089490307
2011-05-20 21:00:00,197.52863496862543
2011-05-20 22:00:00,138.2227394890781
2011-05-20 23:00:00,118.80031357585212
2011-05-21 00:00:00,97.3573476415064
2011-05-21 01:00:00,73.14024416495121
2011-05-21 02:00:00,57.128490110610514
2011-05-21 03:00:00,25.148371181015598
2011-05-21 04:00:00,8.31258358581831
2011-05-21 05:00:00,9.63863250715883
2011-05-21 06:00:00,19.68084397570382
2011-05-21 07:00:00,46.81762304619458
2011-05-21 08:00:00,129.65230163950753
2011-05-21 09:00:00,213.08352952645967
2011-05-21 10:00:00,270.78967413833846
2011-05-21 11:00:00,363.54998941810476
2011-05-21 12:00:00,378.64228521822304
2011-05-21 13:00:00,392.95564305789003
2011-05-21 14:00:00,389.43467275264805
2011-05-21 15:00:00,400.062351066277
2011-05-21 16:00:00,404.9307760305405
2011-05-21 17:00:00,359.15295612846097
2011-05-21 18:00:00,325.99738731272924
2011-05-21 19:00:00,312.7870657638616
2011-05-21 20:00:00,224.6118747135616
2011-05-21 21:00:00,200.99870449928227
2011-05-21 22:00:00,135.13804457620623
2011-05-21 23:00:00,118.34857172607198
2011-05-22 00:00:00,106.74693841416534
2011-05-22 01:00:00,61.75047248747927
2011-05-22 02:00:00,55.789369961653826
2011-05-22 03:00:00,30.400977798682625
2011-05-22 04:00:00,11.95940621526288
2011-05-22 05:00:00,12.967355536612466
2011-05-22 06:00:00,10.490950817218733
2011-05-22 07:00:00,50.90865220103951
2011-05-22 08:00:00,89.67959283098914
2011-05-22 09:00:00,170.60942292652203
2011-05-22 10:00:00,263.0342894529677
2011-05-22 11:00:00,360.2495355884109
2011-05-22 12:00:00,383.9351360359964
2011-05-22 13:00:00,382.2147136669012
2011-05-22 14:00:00,330.224622603347
2011-05-22 15:00:00,374.97036346695756
2011-05-22 16:00:00,388.7864536061276
2011-05-22 17:00:00,358.87372715921987
2011-05-22 18:00:00,322.8468188549763
2011-05-22 19:00:00,304.2010679471935
2011-05-22 20:00:00,246.61014951613467
2011-05-22 21:00:00,166.49424883077404
2011-05-22 22:00:00,122.80041428804843
2011-05-22 23:00:00,88.33327306198635
2011-05-23 00:00:00,28.254132811333744
2011-05-23 01:00:00,16.25212397767927
2011-05-23 02:00:00,7.090012918166906
2011-05-23 03:00:00,4.8344685936680465
2011-05-23 04:00:00,5.97759467803002
2011-05-23 05:00:00,19.26118100094044
2011-05-23 06:00:00,89.44984724504066
2011-05-23 07:00:00,182.98021106828583
2011-05-23 08:00:00,356.3498552118264
2011-05-23 09:00:00,195.00541888692203
2011-05-23 10:00:00,120.30861529912445
2011-05-23 11:00:00,140.90535327748992
2011-05-23 12:00:00,186.66753548194873
2011-05-23 13:00:00,179.35999745170665
2011-05-23 14:00:00,161.47404321508617
2011-05-23 15:00:00,161.75797082711108
2011-05-23 16:00:00,280.80140542273125
2011-05-23 17:00:00,411.47526431918897
2011-05-23 18:00:00,473.9081402095633
2011-05-23 19:00:00,357.0519553365044
2011-05-23 20:00:00,239.5395068543186
2011-05-23 21:00:00,140.11412095400593
2011-05-23 22:00:00,119.65559365718875
2011-05-23 23:00:00,65.30094625451892
2011-05-24 00:00:00,24.270487516957154
2011-05-24 01:00:00,12.646653554332993
2011-05-24 02:00:00,7.775622846227716
2011-05-24 03:00:00,4.779908465002052
2011-05-24 04:00:00,5.925509351616135
2011-05-24 05:00:00,18.762716511672117
2011-05-24 06:00:00,105.83853144480823
2011-05-24 07:00:00,152.1398815240424
2011-05-24 08:00:00,291.4348035636496
2011-05-24 09:00:00,203.36104312331247
2011-05-24 10:00:00,123.39116360849366
2011-05-24 11:00:00,142.8564045487844
2011-05-24 12:00:00,181.17656531924595
2011-05-24 13:00:00,188.4753498776361
2011-05-24 14:00:00,166.00186722064228
2011-05-24 15:00:00,173.5442694174249
2011-05-24 16:00:00,290.37565220990496
2011-05-24 17:00:00,422.28801445429735
2011-05-24 18:00:00,509.16047693319746
2011-05-24 19:00:00,346.6079969881706
2011-05-24 20:00:00,273.70007666100014
2011-05-24 21:00:00,213.4571209744694
2011-05-24 22:00:00,55.62193196287327
2011-05-24 23:00:00,72.37822678416863
2011-05-25 00:00:00,24.190059119937874
2011-05-25 01:00:00,12.79331883802231
2011-05-25 02:00:00,8.307148057293979
2011-05-25 03:00:00,5.383298800573596
2011-05-25 04:00:00,5.6069976907993455
2011-05-25 05:00:00,21.17747711975894
2011-05-25 06:00:00,102.55622297793181
2011-05-25 07:00:00,318.3255901862528
2011-05-25 08:00:00,430.28288334798765
2011-05-25 09:00:00,207.10997656261804
2011-05-25 10:00:00,132.14791222656388
2011-05-25 11:00:00,144.94639538886847
2011-05-25 12:00:00,196.58186605756006
2011-05-25 13:00:00,183.90848354893814
2011-05-25 14:00:00,165.25872881616863
2011-05-25 15:00:00,173.9206064394019
2011-05-25 16:00:00,286.29810941144297
2011-05-25 17:00:00,520.2914192671728
2011-05-25 18:00:00,484.07131797782
2011-05-25 19:00:00,391.59382882100863
2011-05-25 20:00:00,300.47243799233416
2011-05-25 21:00:00,213.4559230369105
2011-05-25 22:00:00,146.2987217865237
2011-05-25 23:00:00,81.77932829164403
2011-05-26 00:00:00,44.948352338911675
2011-05-26 01:00:00,20.125065143443745
2011-05-26 02:00:00,9.572642870882094
2011-05-26 03:00:00,5.659358330905591
2011-05-26 04:00:00,6.244047908127585
2011-05-26 05:00:00,20.90858235902056
2011-05-26 06:00:00,92.68921410695222
2011-05-26 07:00:00,169.0175007671258
2011-05-26 08:00:00,431.68267064336624
2011-05-26 09:00:00,197.05181444345433
2011-05-26 10:00:00,120.92825584601333
2011-05-26 11:00:00,150.79557254203414
2011-05-26 12:00:00,191.17963105550348
2011-05-26 13:00:00,183.20494029930754
2011-05-26 14:00:00,160.77778865314755
2011-05-26 15:00:00,168.4457127904954
2011-05-26 16:00:00,274.59621009757456
2011-05-26 17:00:00,508.87808338572165
2011-05-26 18:00:00,450.61415456485275
2011-05-26 19:00:00,361.30151573689636
2011-05-26 20:00:00,288.919202582763
2011-05-26 21:00:00,208.54291519603126
2011-05-26 22:00:00,146.8540335650627
2011-05-26 23:00:00,114.34646098132498
2011-05-27 00:00:00,64.68330824498288
2011-05-27 01:00:00,25.513299612767675
2011-05-27 02:00:00,15.555464322171193
2011-05-27 03:00:00,6.423475219492319
2011-05-27 04:00:00,5.604470332675489
2011-05-27 05:00:00,26.77180805273424
2011-05-27 06:00:00,100.94696357852335
2011-05-27 07:00:00,269.87498605291114
2011-05-27 08:00:00,445.6951360197563
2011-05-27 09:00:00,210.38065187451585
2011-05-27 10:00:00,150.44013053947438
2011-05-27 11:00:00,162.56404927895264
2011-05-27 12:00:00,220.31137652385965
2011-05-27 13:00:00,216.05427208935498
2011-05-27 14:00:00,214.56232576526403
2011-05-27 15:00:00,220.904893236899
2011-05-27 16:00:00,337.0986618026022
2011-05-27 17:00:00,528.0768859180828
2011-05-27 18:00:00,427.78982909128075
2011-05-27 19:00:00,304.43865304414595
2011-05-27 20:00:00,227.0642069314771
2011-05-27 21:00:00,171.8197342653177
2011-05-27 22:00:00,141.30944943041487
2011-05-27 23:00:00,109.67596732602208
2011-05-28 00:00:00,103.99721798701923
2011-05-28 01:00:00,84.07574701096796
2011-05-28 02:00:00,56.08742404706941
2011-05-28 03:00:00,27.674527444333332
2011-05-28 04:00:00,8.309907506343585
2011-05-28 05:00:00,10.163038471322148
2011-05-28 06:00:00,20.036399066172976
2011-05-28 07:00:00,44.055794108210925
2011-05-28 08:00:00,118.51473672339873
2011-05-28 09:00:00,208.99862606436835
2011-05-28 10:00:00,275.48573700327916
2011-05-28 11:00:00,364.22854796899367
2011-05-28 12:00:00,378.487246842055
2011-05-28 13:00:00,395.68464003953164
2011-05-28 14:00:00,383.80390425342284
2011-05-28 15:00:00,403.74651767901094
2011-05-28 16:00:00,414.56280454954174
2011-05-28 17:00:00,379.32133243901916
2011-05-28 18:00:00,316.6028655265488
2011-05-28 19:00:00,282.4580902046151
2011-05-28 20:00:00,277.682282270869
2011-05-28 21:00:00,204.70265158183355
2011-05-28 22:00:00,163.27146817206705
2011-05-28 23:00:00,133.90712982264927
2011-05-29 00:00:00,113.7130398797983
2011-05-29 01:00:00,88.22792902410494
2011-05-29 02:00:00,58.403660343923
2011-05-29 03:00:00,29.390276006786102
2011-05-29 04:00:00,10.816302941154532
2011-05-29 05:00:00,13.596233269221585
2011-05-29 06:00:00,13.378613963033139
2011-05-29 07:00:00,39.512033068683294
2011-05-29 08:00:00,78.75484786562808
2011-05-29 09:00:00,79.68240810738844
2011-05-29 10:00:00,216.10468904096797
2011-05-29 11:00:00,222.68055160482902
2011-05-29 12:00:00,320.6762125331214
2011-05-29 13:00:00,392.69379647018286
2011-05-29 14:00:00,378.9892070965916
2011-05-29 15:00:00,377.95592992445654
2011-05-29 16:00:00,358.7029872408934
2011-05-29 17:00:00,348.2060457425648
2011-05-29 18:00:00,260.81368121082613
2011-05-29 19:00:00,257.7392897959548
2011-05-29 20:00:00,219.14935543804373
2011-05-29 21:00:00,164.93721003676785
2011-05-29 22:00:00,121.33568245134646
2011-05-29 23:00:00,105.0739078221156
2011-05-30 00:00:00,85.48146173782955
2011-05-30 01:00:00,68.12847630926164
2011-05-30 02:00:00,39.66965829564308
2011-05-30 03:00:00,15.818004406313928
2011-05-30 04:00:00,9.838322954258462
2011-05-30 05:00:00,8.697751912322474
2011-05-30 06:00:00,18.69753840216653
2011-05-30 07:00:00,90.63636517116979
2011-05-30 08:00:00,147.96188413123497
2011-05-30 09:00:00,224.14066124521133
2011-05-30 10:00:00,283.97060229646945
2011-05-30 11:00:00,367.1560226163985
2011-05-30 12:00:00,389.38949113056196
2011-05-30 13:00:00,386.2196744547892
2011-05-30 14:00:00,384.6934959265424
2011-05-30 15:00:00,369.4971953368067
2011-05-30 16:00:00,340.30243388450594
2011-05-30 17:00:00,467.5398263874825
2011-05-30 18:00:00,452.39409978041016
2011-05-30 19:00:00,314.17063561970645
2011-05-30 20:00:00,324.26355655377336
2011-05-30 21:00:00,319.32879894641616
2011-05-30 22:00:00,158.2832756425224
2011-05-30 23:00:00,78.65939096803467
2011-05-31 00:00:00,29.671926465717892
2011-05-31 01:00:00,16.925669428975176
2011-05-31 02:00:00,7.9611369965495955
2011-05-31 03:00:00,4.1824565523833455
2011-05-31 04:00:00,6.108098921942353
2011-05-31 05:00:00,20.482408808469824
2011-05-31 06:00:00,107.93806888340288
2011-05-31 07:00:00,296.0564661841924
2011-05-31 08:00:00,449.2531191377295
2011-05-31 09:00:00,188.19129840231798
2011-05-31 10:00:00,122.22715942816836
2011-05-31 11:00:00,137.66354295059188
2011-05-31 12:00:00,156.26066715692917
2011-05-31 13:00:00,147.8229634277894
2011-05-31 14:00:00,139.7381095283997
2011-05-31 15:00:00,144.06231286072912
2011-05-31 16:00:00,240.03880018412897
2011-05-31 17:00:00,534.7909585102627
2011-05-31 18:00:00,519.5469859707855
2011-05-31 19:00:00,373.25715199822776
2011-05-31 20:00:00,285.32444597725436
2011-05-31 21:00:00,210.44734873069822
2011-05-31 22:00:00,141.22221479530631
2011-05-31 23:00:00,75.97775050867088
2011-06-20 00:00:00,30.163587278861858
2011-06-20 01:00:00,16.030342041334322
2011-06-20 02:00:00,8.405277632339802
2011-06-20 03:00:00,4.3897244868996355
2011-06-20 04:00:00,5.363454723937718
2011-06-20 05:00:00,18.51527232367057
2011-06-20 06:00:00,83.21214279172345
2011-06-20 07:00:00,147.67750998014563
2011-06-20 08:00:00,287.06735340552757
2011-06-20 09:00:00,204.30610166444146
2011-06-20 10:00:00,113.21294030981313
2011-06-20 11:00:00,125.76867701843308
2011-06-20 12:00:00,175.77567565718383
2011-06-20 13:00:00,178.86319079957462
2011-06-20 14:00:00,168.02581254288788
2011-06-20 15:00:00,166.95953030936573
2011-06-20 16:00:00,291.46368058531095
2011-06-20 17:00:00,486.61216393971756
2011-06-20 18:00:00,530.6497118154235
2011-06-20 19:00:00,381.8091486846249
2011-06-20 20:00:00,293.85476506843986
2011-06-20 21:00:00,209.36193495436373
2011-06-20 22:00:00,123.49016839489393
2011-06-20 23:00:00,80.92478222887421
2011-06-21 00:00:00,30.534319864610463
2011-06-21 01:00:00,10.26495890838693
2011-06-21 02:00:00,6.690399367720659
2011-06-21 03:00:00,4.942408023536773
2011-06-21 04:00:00,6.334218507977778
2011-06-21 05:00:00,21.155797475267963
2011-06-21 06:00:00,120.56581680098788
2011-06-21 07:00:00,171.32766270305692
2011-06-21 08:00:00,351.4669208156192
2011-06-21 09:00:00,193.98449825608498
2011-06-21 10:00:00,121.4050923085757
2011-06-21 11:00:00,113.62793553064634
2011-06-21 12:00:00,172.30710157789827
2011-06-21 13:00:00,164.69055981418217
2011-06-21 14:00:00,162.3757917304157
2011-06-21 15:00:00,164.78820744238425
2011-06-21 16:00:00,282.9520312120332
2011-06-21 17:00:00,555.2912117880365
2011-06-21 18:00:00,507.175895095129
2011-06-21 19:00:00,355.08779130806795
2011-06-21 20:00:00,217.42270718466332
2011-06-21 21:00:00,227.30232361742316
2011-06-21 22:00:00,156.44017669099318
2011-06-21 23:00:00,79.38942201328766
2011-06-22 00:00:00,34.01058564135126
2011-06-22 01:00:00,17.154948877124994
2011-06-22 02:00:00,7.976750651449768
2011-06-22 03:00:00,6.601058990738579
2011-06-22 04:00:00,6.701873946622618
2011-06-22 05:00:00,25.23477387676411
2011-06-22 06:00:00,109.52688001530362
2011-06-22 07:00:00,304.2619513559995
2011-06-22 08:00:00,433.4817816287867
2011-06-22 09:00:00,192.03366854941459
2011-06-22 10:00:00,128.10782459718854
2011-06-22 11:00:00,141.96485703337302
2011-06-22 12:00:00,172.7663490997562
2011-06-22 13:00:00,162.7035835384802
2011-06-22 14:00:00,153.18929409889796
2011-06-22 15:00:00,160.19040132677938
2011-06-22 16:00:00,279.0344701689954
2011-06-22 17:00:00,500.0123565667642
2011-06-22 18:00:00,487.0042080230179
2011-06-22 19:00:00,375.39472704831786
2011-06-22 20:00:00,288.6990573956656
2011-06-22 21:00:00,224.8674542020561
2011-06-22 22:00:00,169.17041340812514
2011-06-22 23:00:00,96.92207102150955
2011-06-23 00:00:00,42.807444924682954
2011-06-23 01:00:00,21.19793500825517
2011-06-23 02:00:00,9.217916489161338
2011-06-23 03:00:00,5.5889340323231265
2011-06-23 04:00:00,7.053282151393111
2011-06-23 05:00:00,26.638755617112807
2011-06-23 06:00:00,119.24089727957791
2011-06-23 07:00:00,318.83765416911973
2011-06-23 08:00:00,427.30522169261036
2011-06-23 09:00:00,205.96464587368047
2011-06-23 10:00:00,131.4619801128992
2011-06-23 11:00:00,108.91992272720921
2011-06-23 12:00:00,169.48996148066772
2011-06-23 13:00:00,169.95565028199454
2011-06-23 14:00:00,160.53413546717718
2011-06-23 15:00:00,167.79252937461615
2011-06-23 16:00:00,283.8657685098569
2011-06-23 17:00:00,497.9024787700088
2011-06-23 18:00:00,498.1847014225823
2011-06-23 19:00:00,365.98625079141954
2011-06-23 20:00:00,294.3168121755618
2011-06-23 21:00:00,218.22276085304006
2011-06-23 22:00:00,161.16552835392042
2011-06-23 23:00:00,122.5840639852581
2011-06-24 00:00:00,58.60947843405157
2011-06-24 01:00:00,23.22922049450189
2011-06-24 02:00:00,12.026220550561852
2011-06-24 03:00:00,7.210523701974226
2011-06-24 04:00:00,6.842703000846882
2011-06-24 05:00:00,23.841155304536766
2011-06-24 06:00:00,101.26362013864404
2011-06-24 07:00:00,286.6183730767923
2011-06-24 08:00:00,447.69238518497133
2011-06-24 09:00:00,228.8247507385388
2011-06-24 10:00:00,147.17920120020958
2011-06-24 11:00:00,171.0895719644713
2011-06-24 12:00:00,213.48388957591408
2011-06-24 13:00:00,212.9855773271951
2011-06-24 14:00:00,223.25813417014905
2011-06-24 15:00:00,194.27573268725195
2011-06-24 16:00:00,336.0056912112322
2011-06-24 17:00:00,554.301681208047
2011-06-24 18:00:00,479.42929076565264
2011-06-24 19:00:00,382.796849675435
2011-06-24 20:00:00,282.30712071194205
2011-06-24 21:00:00,236.9175826753669
2011-06-24 22:00:00,206.19759822987314
2011-06-24 23:00:00,148.70984934733985
2011-06-25 00:00:00,123.05515546121278
2011-06-25 01:00:00,87.11301644605247
2011-06-25 02:00:00,54.33900669090755
2011-06-25 03:00:00,31.388629190064968
2011-06-25 04:00:00,9.8785893619634
2011-06-25 05:00:00,9.827567348009058
2011-06-25 06:00:00,28.40921566655323
2011-06-25 07:00:00,61.18019521576587
2011-06-25 08:00:00,150.18127055522288
2011-06-25 09:00:00,217.80121810201342
2011-06-25 10:00:00,292.50488701007765
2011-06-25 11:00:00,374.24746647496573
2011-06-25 12:00:00,425.2223748821694
2011-06-25 13:00:00,427.32513286991957
2011-06-25 14:00:00,427.1687763753137
2011-06-25 15:00:00,412.5494749823105
2011-06-25 16:00:00,395.1495755257455
2011-06-25 17:00:00,404.9113166794778
2011-06-25 18:00:00,379.6038022922177
2011-06-25 19:00:00,347.8192601555692
2011-06-25 20:00:00,295.855739854589
2011-06-25 21:00:00,237.10555826920884
2011-06-25 22:00:00,200.89348572016758
2011-06-25 23:00:00,142.13917456235075
2011-06-26 00:00:00,102.00438745715094
2011-06-26 01:00:00,92.50650584959902
2011-06-26 02:00:00,73.33023976046663
2011-06-26 03:00:00,32.73303207520554
2011-06-26 04:00:00,11.425241590117869
2011-06-26 05:00:00,11.669580726735887
2011-06-26 06:00:00,23.923951888973246
2011-06-26 07:00:00,48.24366645108732
2011-06-26 08:00:00,103.56287334878051
2011-06-26 09:00:00,182.87389026381942
2011-06-26 10:00:00,289.26902234982214
2011-06-26 11:00:00,383.260812375293
2011-06-26 12:00:00,411.44799489214057
2011-06-26 13:00:00,405.4384906911683
2011-06-26 14:00:00,404.70869356535997
2011-06-26 15:00:00,402.431150630221
2011-06-26 16:00:00,389.8703177335124
2011-06-26 17:00:00,369.88641396882963
2011-06-26 18:00:00,362.44078688160005
2011-06-26 19:00:00,334.19070743256714
2011-06-26 20:00:00,241.6166935446571
2011-06-26 21:00:00,192.98524334023526
2011-06-26 22:00:00,192.04053289112903
2011-06-26 23:00:00,83.03746066322674
2011-06-27 00:00:00,34.01560387204837
2011-06-27 01:00:00,9.664115343835931
2011-06-27 02:00:00,9.133452114204637
2011-06-27 03:00:00,5.082455109088219
2011-06-27 04:00:00,6.294438017970036
2011-06-27 05:00:00,20.991123823610522
2011-06-27 06:00:00,113.61000518290767
2011-06-27 07:00:00,307.8789316564955
2011-06-27 08:00:00,384.0941985355779
2011-06-27 09:00:00,198.43407168274527
2011-06-27 10:00:00,118.14282070060823
2011-06-27 11:00:00,148.86045578331965
2011-06-27 12:00:00,182.89137250601337
2011-06-27 13:00:00,166.33766633427464
2011-06-27 14:00:00,162.39329671216058
2011-06-27 15:00:00,169.05448910878516
2011-06-27 16:00:00,282.98448532770647
2011-06-27 17:00:00,563.5248530278488
2011-06-27 18:00:00,496.83884038112774
2011-06-27 19:00:00,394.3995055595929
2011-06-27 20:00:00,303.9879789493868
2011-06-27 21:00:00,192.69023019321824
2011-06-27 22:00:00,135.40193240025238
2011-06-27 23:00:00,76.07775894031423
2011-06-28 00:00:00,31.61066117138392
2011-06-28 01:00:00,17.425414568239308
2011-06-28 02:00:00,10.129885802994762
2011-06-28 03:00:00,6.571035138534368
2011-06-28 04:00:00,6.976031881169706
2011-06-28 05:00:00,22.533621695135928
2011-06-28 06:00:00,113.2410040056277
2011-06-28 07:00:00,307.1267441410483
2011-06-28 08:00:00,434.05841603856976
2011-06-28 09:00:00,197.60756382952687
2011-06-28 10:00:00,123.68989343211057
2011-06-28 11:00:00,142.62476947168622
2011-06-28 12:00:00,159.4981798191776
2011-06-28 13:00:00,163.3582614931415
2011-06-28 14:00:00,150.77681965867174
2011-06-28 15:00:00,157.9475241280251
2011-06-28 16:00:00,237.34441239092374
2011-06-28 17:00:00,385.9721737127503
2011-06-28 18:00:00,350.9731789768209
2011-06-28 19:00:00,325.0916712336677
2011-06-28 20:00:00,292.73230197911073
2011-06-28 21:00:00,210.5988227160787
2011-06-28 22:00:00,150.79129282685574
2011-06-28 23:00:00,88.6517243540922
2011-06-29 00:00:00,33.82937038120617
2011-06-29 01:00:00,17.354973385706227
2011-06-29 02:00:00,7.87360845709206
2011-06-29 03:00:00,6.234013942401017
2011-06-29 04:00:00,6.982164435704411
2011-06-29 05:00:00,28.23033005865683
2011-06-29 06:00:00,110.64248215310451
2011-06-29 07:00:00,307.25580464529224
2011-06-29 08:00:00,460.84835186986226
2011-06-29 09:00:00,207.36816478153122
2011-06-29 10:00:00,124.935083257599
2011-06-29 11:00:00,159.62191554107966
2011-06-29 12:00:00,201.1607349479947
2011-06-29 13:00:00,192.94058791010266
2011-06-29 14:00:00,166.62936228471764
2011-06-29 15:00:00,174.67998550912534
2011-06-29 16:00:00,281.9512835140588
2011-06-29 17:00:00,554.9593621160664
2011-06-29 18:00:00,546.3558809105638
2011-06-29 19:00:00,383.6651839237401
2011-06-29 20:00:00,301.56834554726845
2011-06-29 21:00:00,234.07398966353597
2011-06-29 22:00:00,170.0963144190555
2011-06-29 23:00:00,95.55980216924837
2011-06-30 00:00:00,46.13074251249579
2011-06-30 01:00:00,21.143907130412302
2011-06-30 02:00:00,8.870590961673303
2011-06-30 03:00:00,7.388507323559582
2011-06-30 04:00:00,7.335197633452754
2011-06-30 05:00:00,28.64752855012248
2011-06-30 06:00:00,119.0771253488325
2011-06-30 07:00:00,331.0458261108627
2011-06-30 08:00:00,443.2725740123786
2011-06-30 09:00:00,205.76475072247268
2011-06-30 10:00:00,125.31578325577894
2011-06-30 11:00:00,155.44370749958244
2011-06-30 12:00:00,203.29908103833856
2011-06-30 13:00:00,196.7740719200488
2011-06-30 14:00:00,167.0422407135801
2011-06-30 15:00:00,176.31444235354465
2011-06-30 16:00:00,293.8346254966411
2011-06-30 17:00:00,572.3886187098486
2011-06-30 18:00:00,553.8091644419436
2011-06-30 19:00:00,382.44530893149295
2011-06-30 20:00:00,304.13558044819183
2011-06-30 21:00:00,231.32981963510386
2011-06-30 22:00:00,171.80267920598095
2011-06-30 23:00:00,126.06499069462416
2011-07-20 00:00:00,31.92215485099222
2011-07-20 01:00:00,17.873946098189712
2011-07-20 02:00:00,6.864169591058371
2011-07-20 03:00:00,6.25390177493074
2011-07-20 04:00:00,7.035662221606004
2011-07-20 05:00:00,31.24856289980286
2011-07-20 06:00:00,126.41356559752545
2011-07-20 07:00:00,298.6013971852262
2011-07-20 08:00:00,427.83851785649654
2011-07-20 09:00:00,203.2280330308864
2011-07-20 10:00:00,116.25207094946813
2011-07-20 11:00:00,139.78988218081008
2011-07-20 12:00:00,179.94828188639133
2011-07-20 13:00:00,160.88086436757615
2011-07-20 14:00:00,152.1038751319538
2011-07-20 15:00:00,158.64167398003727
2011-07-20 16:00:00,262.1456255509445
2011-07-20 17:00:00,547.2561795329502
2011-07-20 18:00:00,536.9676752636776
2011-07-20 19:00:00,379.0782364193093
2011-07-20 20:00:00,292.33672950647656
2011-07-20 21:00:00,215.7772186361704
2011-07-20 22:00:00,160.67345061695875
2011-07-20 23:00:00,106.43253660484861
2011-07-21 00:00:00,44.44331324714778
2011-07-21 01:00:00,19.049700819106985
2011-07-21 02:00:00,7.861424602438478
2011-07-21 03:00:00,5.871293674753096
2011-07-21 04:00:00,6.255590653189247
2011-07-21 05:00:00,22.13285180560575
2011-07-21 06:00:00,123.10952686326692
2011-07-21 07:00:00,299.94708202789747
2011-07-21 08:00:00,434.88014761045906
2011-07-21 09:00:00,196.74843418253363
2011-07-21 10:00:00,121.2060309136173
2011-07-21 11:00:00,134.68270412950466
2011-07-21 12:00:00,154.97888204036647
2011-07-21 13:00:00,149.22250007044812
2011-07-21 14:00:00,141.86538590068764
2011-07-21 15:00:00,145.19608443378652
2011-07-21 16:00:00,226.5882539725987
2011-07-21 17:00:00,453.24832048991385
2011-07-21 18:00:00,452.6300441798988
2011-07-21 19:00:00,372.03589265440473
2011-07-21 20:00:00,284.7296426544553
2011-07-21 21:00:00,222.9569692325877
2011-07-21 22:00:00,166.83111904716694
2011-07-21 23:00:00,120.86616265224444
2011-07-22 00:00:00,56.82224872096495
2011-07-22 01:00:00,31.21850627341035
2011-07-22 02:00:00,19.217391028760655
2011-07-22 03:00:00,6.5566455342799665
2011-07-22 04:00:00,7.618120401792673
2011-07-22 05:00:00,23.452348527112576
2011-07-22 06:00:00,105.59184198741153
2011-07-22 07:00:00,278.18134717085013
2011-07-22 08:00:00,453.94543484266484
2011-07-22 09:00:00,225.90470397393864
2011-07-22 10:00:00,143.25397507972514
2011-07-22 11:00:00,167.2444733181355
2011-07-22 12:00:00,194.71677393739878
2011-07-22 13:00:00,192.04704882222597
2011-07-22 14:00:00,189.20634101919634
2011-07-22 15:00:00,187.79195976945275
2011-07-22 16:00:00,307.7315213492395
2011-07-22 17:00:00,473.714525929978
2011-07-22 18:00:00,459.28043806634514
2011-07-22 19:00:00,354.00933056356257
2011-07-22 20:00:00,272.74529067470456
2011-07-22 21:00:00,219.8280906053415
2011-07-22 22:00:00,193.670652894603
2011-07-22 23:00:00,144.21174360153893
2011-07-23 00:00:00,108.99886475481247
2011-07-23 01:00:00,88.25248846903986
2011-07-23 02:00:00,63.7024380295142
2011-07-23 03:00:00,29.48040603151417
2011-07-23 04:00:00,9.726068561180947
2011-07-23 05:00:00,9.440254248344768
2011-07-23 06:00:00,34.05551085363969
2011-07-23 07:00:00,70.35551549061267
2011-07-23 08:00:00,154.88942922013496
2011-07-23 09:00:00,217.2489685797141
2011-07-23 10:00:00,295.26283027569326
2011-07-23 11:00:00,328.13192742584806
2011-07-23 12:00:00,368.8816395195009
2011-07-23 13:00:00,355.6727559462448
2011-07-23 14:00:00,361.00914312605585
2011-07-23 15:00:00,361.1145680396465
2011-07-23 16:00:00,402.6306295048135
2011-07-23 17:00:00,378.54105461977673
2011-07-23 18:00:00,374.13803070977013
2011-07-23 19:00:00,314.96171351098326
2011-07-23 20:00:00,297.9542672688207
2011-07-23 21:00:00,241.7853293426118
2011-07-23 22:00:00,202.08452964901187
2011-07-23 23:00:00,139.93586981529398
2011-07-24 00:00:00,117.44642533372821
2011-07-24 01:00:00,92.08779070660816
2011-07-24 02:00:00,78.80037751363349
2011-07-24 03:00:00,33.084435164610824
2011-07-24 04:00:00,8.791164666694963
2011-07-24 05:00:00,9.164341402026416
2011-07-24 06:00:00,21.961820279968876
2011-07-24 07:00:00,61.79982602667494
2011-07-24 08:00:00,112.09453319537597
2011-07-24 09:00:00,180.44923041146524
2011-07-24 10:00:00,291.1483418930842
2011-07-24 11:00:00,326.0119688684883
2011-07-24 12:00:00,364.66380001785916
2011-07-24 13:00:00,352.2891408141759
2011-07-24 14:00:00,350.77873283413294
2011-07-24 15:00:00,341.701301971902
2011-07-24 16:00:00,380.95934544092285
2011-07-24 17:00:00,377.58687990872227
2011-07-24 18:00:00,369.19231453342144
2011-07-24 19:00:00,343.2532578410826
2011-07-24 20:00:00,266.03825723380385
2011-07-24 21:00:00,212.30738080817102
2011-07-24 22:00:00,153.64506509880115
2011-07-24 23:00:00,82.56349055193344
2011-07-25 00:00:00,41.74837145284235
2011-07-25 01:00:00,15.254247762646179
2011-07-25 02:00:00,7.625566403265306
2011-07-25 03:00:00,5.246647587455389
2011-07-25 04:00:00,6.273075450163347
2011-07-25 05:00:00,24.580646117777025
2011-07-25 06:00:00,114.21832024984711
2011-07-25 07:00:00,300.60196404333806
2011-07-25 08:00:00,400.57212106292695
2011-07-25 09:00:00,184.27547950853798
2011-07-25 10:00:00,114.64826135565662
2011-07-25 11:00:00,127.73042229714292
2011-07-25 12:00:00,154.0431232701773
2011-07-25 13:00:00,154.3621529688866
2011-07-25 14:00:00,129.07970634420775
2011-07-25 15:00:00,132.20037916135865
2011-07-25 16:00:00,194.62942782677504
2011-07-25 17:00:00,488.0723682023122
2011-07-25 18:00:00,479.77670825958415
2011-07-25 19:00:00,389.8295413870059
2011-07-25 20:00:00,291.42603868097046
2011-07-25 21:00:00,166.67021825295836
2011-07-25 22:00:00,128.4897232274243
2011-07-25 23:00:00,69.526445260501
2011-07-26 00:00:00,29.760608483982658
2011-07-26 01:00:00,17.73583804287265
2011-07-26 02:00:00,9.125484867279575
2011-07-26 03:00:00,5.221533525251674
2011-07-26 04:00:00,6.669217219456466
2011-07-26 05:00:00,26.203897626157406
2011-07-26 06:00:00,116.64842416298201
2011-07-26 07:00:00,314.5217839763578
2011-07-26 08:00:00,431.6460604233842
2011-07-26 09:00:00,195.20204765874664
2011-07-26 10:00:00,128.2436397715295
2011-07-26 11:00:00,142.94300964834096
2011-07-26 12:00:00,176.1901249012834
2011-07-26 13:00:00,172.17184259680576
2011-07-26 14:00:00,167.39645435547868
2011-07-26 15:00:00,167.1544003227191
2011-07-26 16:00:00,257.18884452779054
2011-07-26 17:00:00,539.2478341641315
2011-07-26 18:00:00,541.7228437411778
2011-07-26 19:00:00,383.2847455536659
2011-07-26 20:00:00,300.6090774037643
2011-07-26 21:00:00,243.58125334791453
2011-07-26 22:00:00,167.11267548684975
2011-07-26 23:00:00,80.44572831854451
2011-07-27 00:00:00,44.77646495562955
2011-07-27 01:00:00,17.237854259700818
2011-07-27 02:00:00,10.499194319915329
2011-07-27 03:00:00,4.904294793395785
2011-07-27 04:00:00,6.013273603134474
2011-07-27 05:00:00,28.63042788152452
2011-07-27 06:00:00,118.12981717222414
2011-07-27 07:00:00,303.19412740396336
2011-07-27 08:00:00,436.373982186945
2011-07-27 09:00:00,196.69506965559964
2011-07-27 10:00:00,114.90781925989867
2011-07-27 11:00:00,154.82095686024846
2011-07-27 12:00:00,205.54989677153324
2011-07-27 13:00:00,180.9917097348873
2011-07-27 14:00:00,176.2650655759332
2011-07-27 15:00:00,176.1544480219862
2011-07-27 16:00:00,253.746465858657
2011-07-27 17:00:00,560.6068148486586
2011-07-27 18:00:00,550.9663974285136
2011-07-27 19:00:00,393.4600130163999
2011-07-27 20:00:00,306.322098248694
2011-07-27 21:00:00,235.62394560969315
2011-07-27 22:00:00,164.8531210235844
2011-07-27 23:00:00,89.74033720260731
2011-07-28 00:00:00,47.37103776522288
2011-07-28 01:00:00,20.423515003387575
2011-07-28 02:00:00,9.621806400290293
2011-07-28 03:00:00,6.3182748683060845
2011-07-28 04:00:00,7.0464885672111475
2011-07-28 05:00:00,29.609977300666042
2011-07-28 06:00:00,115.15263079001345
2011-07-28 07:00:00,315.8022127073973
2011-07-28 08:00:00,430.8019456939276
2011-07-28 09:00:00,193.82773334410828
2011-07-28 10:00:00,120.77988333282953
2011-07-28 11:00:00,138.6664890080715
2011-07-28 12:00:00,163.3458303378636
2011-07-28 13:00:00,150.26380734431976
2011-07-28 14:00:00,159.03090089643322
2011-07-28 15:00:00,158.2223129997287
2011-07-28 16:00:00,238.82938101136776
2011-07-28 17:00:00,539.261726783419
2011-07-28 18:00:00,531.9707353833878
2011-07-28 19:00:00,372.97077399206563
2011-07-28 20:00:00,286.683416022602
2011-07-28 21:00:00,210.67284947551707
2011-07-28 22:00:00,157.37931752401062
2011-07-28 23:00:00,119.89402467888488
2011-07-29 00:00:00,54.56330934809006
2011-07-29 01:00:00,27.148094764761364
2011-07-29 02:00:00,18.18786657955976
2011-07-29 03:00:00,6.020621436326819
2011-07-29 04:00:00,6.987984803137666
2011-07-29 05:00:00,22.818927500234214
2011-07-29 06:00:00,104.0280651992774
2011-07-29 07:00:00,291.9715102849937
2011-07-29 08:00:00,435.2445720191549
2011-07-29 09:00:00,228.12331949664917
2011-07-29 10:00:00,148.33100578328924
2011-07-29 11:00:00,169.48706244869135
2011-07-29 12:00:00,196.78509166636192
2011-07-29 13:00:00,196.16091802635128
2011-07-29 14:00:00,192.89558291232524
2011-07-29 15:00:00,195.35509928871707
2011-07-29 16:00:00,327.88861206393403
2011-07-29 17:00:00,488.3184183889937
2011-07-29 18:00:00,459.06904016003364
2011-07-29 19:00:00,369.19655106839195
2011-07-29 20:00:00,277.8470655771636
2011-07-29 21:00:00,236.48943053106063
2011-07-29 22:00:00,204.72837344043865
2011-07-29 23:00:00,142.02326908785835
2011-07-30 00:00:00,137.15988023739615
2011-07-30 01:00:00,84.91089676599843
2011-07-30 02:00:00,65.33912322572799
2011-07-30 03:00:00,32.28879500097294
2011-07-30 04:00:00,9.948108854507772
2011-07-30 05:00:00,10.685514022809583
2011-07-30 06:00:00,27.86765349659622
2011-07-30 07:00:00,58.240180639125455
2011-07-30 08:00:00,152.71180615831017
2011-07-30 09:00:00,225.52026037459225
2011-07-30 10:00:00,295.1951047467444
2011-07-30 11:00:00,332.5669781642848
2011-07-30 12:00:00,384.213130949854
2011-07-30 13:00:00,369.04510606623825
2011-07-30 14:00:00,366.15813693393716
2011-07-30 15:00:00,355.26674060997453
2011-07-30 16:00:00,396.64497048796085
2011-07-30 17:00:00,374.9107856670534
2011-07-30 18:00:00,359.6272870155686
2011-07-30 19:00:00,349.04085286944786
2011-07-30 20:00:00,261.4495961710222
2011-07-30 21:00:00,238.31634359363656
2011-07-30 22:00:00,196.4822046314794
2011-07-30 23:00:00,142.0170613868363
2011-07-31 00:00:00,117.69479886889417
2011-07-31 01:00:00,90.9922758195589
2011-07-31 02:00:00,82.68096630536061
2011-07-31 03:00:00,32.614267564258355
2011-07-31 04:00:00,9.294883148380416
2011-07-31 05:00:00,10.502453304932633
2011-07-31 06:00:00,23.900503169615472
2011-07-31 07:00:00,63.4717471697116
2011-07-31 08:00:00,114.51008847051948
2011-07-31 09:00:00,185.14276736822458
2011-07-31 10:00:00,278.26610214747996
2011-07-31 11:00:00,324.2674626280781
2011-07-31 12:00:00,363.4448657896125
2011-07-31 13:00:00,357.8529830282602
2011-07-31 14:00:00,347.8899554330355
2011-07-31 15:00:00,343.70906800690096
2011-07-31 16:00:00,381.4219192594949
2011-07-31 17:00:00,357.71174434957663
2011-07-31 18:00:00,371.85199684086496
2011-07-31 19:00:00,326.58138366054976
2011-07-31 20:00:00,267.2794744714403
2011-07-31 21:00:00,223.35955825684698
2011-07-31 22:00:00,147.94638350912194
2011-07-31 23:00:00,81.62255904663286
2011-08-20 00:00:00,110.49633381012713
2011-08-20 01:00:00,81.84190032690915
2011-08-20 02:00:00,61.66400094792686
2011-08-20 03:00:00,28.7648206990916
2011-08-20 04:00:00,10.202753337623301
2011-08-20 05:00:00,12.129220862398293
2011-08-20 06:00:00,23.376383354089807
2011-08-20 07:00:00,50.00869671067469
2011-08-20 08:00:00,114.47659481245347
2011-08-20 09:00:00,208.69461947540296
2011-08-20 10:00:00,278.90758795124117
2011-08-20 11:00:00,373.738534649762
2011-08-20 12:00:00,368.7555933001932
2011-08-20 13:00:00,379.5888153388399
2011-08-20 14:00:00,389.33138670894914
2011-08-20 15:00:00,387.4526546756047
2011-08-20 16:00:00,378.05769538340394
2011-08-20 17:00:00,394.3790307414995
2011-08-20 18:00:00,369.01118184231365
2011-08-20 19:00:00,328.25801826780616
2011-08-20 20:00:00,284.402573814672
2011-08-20 21:00:00,204.4874882063625
2011-08-20 22:00:00,159.87551771413686
2011-08-20 23:00:00,133.00692940764233
2011-08-21 00:00:00,125.42237430875913
2011-08-21 01:00:00,78.68947669780961
2011-08-21 02:00:00,74.90417427645768
2011-08-21 03:00:00,36.46482059518788
2011-08-21 04:00:00,6.386180821524073
2011-08-21 05:00:00,7.790101692947178
2011-08-21 06:00:00,8.393144318234041
2011-08-21 07:00:00,43.27004662479847
2011-08-21 08:00:00,93.55634455965817
2011-08-21 09:00:00,186.29057594269622
2011-08-21 10:00:00,274.23867625839335
2011-08-21 11:00:00,327.79470487397435
2011-08-21 12:00:00,373.27953092506306
2011-08-21 13:00:00,404.0544514672778
2011-08-21 14:00:00,260.47823016642934
2011-08-21 15:00:00,209.06458202315108
2011-08-21 16:00:00,282.0319518674678
2011-08-21 17:00:00,234.538204695744
2011-08-21 18:00:00,236.35599404208557
2011-08-21 19:00:00,323.51027121306373
2011-08-21 20:00:00,217.57762759417307
2011-08-21 21:00:00,183.6755555175509
2011-08-21 22:00:00,149.45989347647057
2011-08-21 23:00:00,85.83444522795315
2011-08-22 00:00:00,31.766308386951746
2011-08-22 01:00:00,14.85599530923226
2011-08-22 02:00:00,10.542755290692003
2011-08-22 03:00:00,4.940558031141315
2011-08-22 04:00:00,6.942240781656817
2011-08-22 05:00:00,28.56079880961402
2011-08-22 06:00:00,103.95307093491341
2011-08-22 07:00:00,291.09093141528757
2011-08-22 08:00:00,375.98598549839426
2011-08-22 09:00:00,202.89497399569123
2011-08-22 10:00:00,123.22458008816295
2011-08-22 11:00:00,159.17478823809336
2011-08-22 12:00:00,188.9241291486428
2011-08-22 13:00:00,190.42314297686568
2011-08-22 14:00:00,179.46652691557526
2011-08-22 15:00:00,180.57827413510148
2011-08-22 16:00:00,285.2170090549733
2011-08-22 17:00:00,570.3016009200597
2011-08-22 18:00:00,562.3662195550254
2011-08-22 19:00:00,405.1067522838544
2011-08-22 20:00:00,309.13599502147105
2011-08-22 21:00:00,213.98200755262226
2011-08-22 22:00:00,127.66359711571057
2011-08-22 23:00:00,86.76349632578916
2011-08-23 00:00:00,33.85159668298005
2011-08-23 01:00:00,15.132836555213546
2011-08-23 02:00:00,10.895052885112184
2011-08-23 03:00:00,5.6924125889250945
2011-08-23 04:00:00,6.365441618788991
2011-08-23 05:00:00,27.065568955279048
2011-08-23 06:00:00,114.91921459107057
2011-08-23 07:00:00,326.7937677265672
2011-08-23 08:00:00,450.83539851065933
2011-08-23 09:00:00,203.43933837487
2011-08-23 10:00:00,118.799578994603
2011-08-23 11:00:00,155.77891167556155
2011-08-23 12:00:00,209.41978710592795
2011-08-23 13:00:00,200.5882819925394
2011-08-23 14:00:00,174.9144165706143
2011-08-23 15:00:00,180.0053906377665
2011-08-23 16:00:00,299.8540282328335
2011-08-23 17:00:00,586.6496421783912
2011-08-23 18:00:00,572.9459405403518
2011-08-23 19:00:00,386.75835212619256
2011-08-23 20:00:00,291.50197815886384
2011-08-23 21:00:00,202.83018492980645
2011-08-23 22:00:00,163.97029809424512
2011-08-23 23:00:00,81.48691547949569
2011-08-24 00:00:00,38.03043001874439
2011-08-24 01:00:00,15.681358974871847
2011-08-24 02:00:00,9.048559694104528
2011-08-24 03:00:00,6.865140040715549
2011-08-24 04:00:00,8.1500464871326
2011-08-24 05:00:00,25.8877611423556
2011-08-24 06:00:00,109.42705226294284
2011-08-24 07:00:00,329.5547176623812
2011-08-24 08:00:00,438.8617561617319
2011-08-24 09:00:00,207.13656137390097
2011-08-24 10:00:00,124.5769623879115
2011-08-24 11:00:00,153.21745279699883
2011-08-24 12:00:00,186.81848470025935
2011-08-24 13:00:00,183.77776283469245
2011-08-24 14:00:00,177.96419824910865
2011-08-24 15:00:00,177.20089979782892
2011-08-24 16:00:00,267.1375202616812
2011-08-24 17:00:00,570.4712213934147
2011-08-24 18:00:00,534.8364901597614
2011-08-24 19:00:00,369.6881426981077
2011-08-24 20:00:00,285.52673492808447
2011-08-24 21:00:00,210.23870957898924
2011-08-24 22:00:00,149.10074673268582
2011-08-24 23:00:00,101.74883819037916
2011-08-25 00:00:00,46.73266083016594
2011-08-25 01:00:00,21.674212916335218
2011-08-25 02:00:00,7.915477446243673
2011-08-25 03:00:00,6.756861133230483
2011-08-25 04:00:00,7.136874907142539
2011-08-25 05:00:00,27.95098024537057
2011-08-25 06:00:00,100.54849404583409
2011-08-25 07:00:00,257.7430840215255
2011-08-25 08:00:00,423.8916552010794
2011-08-25 09:00:00,208.59003006644858
2011-08-25 10:00:00,125.32263162055129
2011-08-25 11:00:00,60.502926741720074
2011-08-25 12:00:00,86.00418439714403
2011-08-25 13:00:00,126.48706400055765
2011-08-25 14:00:00,159.96891525139608
2011-08-25 15:00:00,165.27087102896874
2011-08-25 16:00:00,183.20832176986718
2011-08-25 17:00:00,281.8377896611579
2011-08-25 18:00:00,266.17297276726555
2011-08-25 19:00:00,284.38511958578675
2011-08-25 20:00:00,240.47519914843465
2011-08-25 21:00:00,206.01068456490555
2011-08-25 22:00:00,148.65201307968948
2011-08-25 23:00:00,114.55037389292124
2011-08-26 00:00:00,53.16635623352152
2011-08-26 01:00:00,23.83941275631387
2011-08-26 02:00:00,11.600312905635958
2011-08-26 03:00:00,7.068134166686728
2011-08-26 04:00:00,6.8877390130292735
2011-08-26 05:00:00,20.64525952998925
2011-08-26 06:00:00,90.61772503078467
2011-08-26 07:00:00,263.25322176134625
2011-08-26 08:00:00,409.98144488870565
2011-08-26 09:00:00,220.71863066197963
2011-08-26 10:00:00,158.76649362487169
2011-08-26 11:00:00,166.66891279412613
2011-08-26 12:00:00,221.67403961692935
2011-08-26 13:00:00,234.47478011169537
2011-08-26 14:00:00,216.34183167570447
2011-08-26 15:00:00,219.6695011571396
2011-08-26 16:00:00,323.7567806995175
2011-08-26 17:00:00,464.7802543296069
2011-08-26 18:00:00,373.297656751446
2011-08-26 19:00:00,295.48442135519986
2011-08-26 20:00:00,220.4701937067088
2011-08-26 21:00:00,192.6353926127052
2011-08-26 22:00:00,162.6508095571908
2011-08-26 23:00:00,132.68928334497403
2011-08-27 00:00:00,112.34093222805043
2011-08-27 01:00:00,76.5050074198079
2011-08-27 02:00:00,64.0989025804689
2011-08-27 03:00:00,37.32939647383888
2011-08-27 04:00:00,7.8335762715703705
2011-08-27 05:00:00,8.4784708553675
2011-08-27 06:00:00,17.375655799285518
2011-08-27 07:00:00,53.43196160650057
2011-08-27 08:00:00,123.66744737761788
2011-08-27 09:00:00,166.14492494149624
2011-08-27 10:00:00,199.7552031652664
2011-08-27 11:00:00,139.50575437204503
2011-08-27 12:00:00,181.98803999996815
2011-08-27 13:00:00,194.48697943998528
2011-08-27 14:00:00,112.97047165801028
2011-08-27 15:00:00,120.12903005142626
2011-08-27 16:00:00,130.40540948144988
2011-08-27 17:00:00,117.4833844205906
2011-08-28 07:00:00,53.221588323687975
2011-08-28 08:00:00,110.6798249132092
2011-08-28 09:00:00,182.23946476340936
2011-08-28 10:00:00,275.420510523923
2011-08-28 11:00:00,352.559520434187
2011-08-28 12:00:00,412.01307769214463
2011-08-28 13:00:00,438.79432302511816
2011-08-28 14:00:00,406.2708148996667
2011-08-28 15:00:00,402.0932290097422
2011-08-28 16:00:00,357.56045513817406
2011-08-28 17:00:00,390.28227587090174
2011-08-28 18:00:00,383.16413707611457
2011-08-28 19:00:00,350.1538221452841
2011-08-28 20:00:00,249.43878517034878
2011-08-28 21:00:00,199.1117751321796
2011-08-28 22:00:00,136.73689933390614
2011-08-28 23:00:00,77.26980507662812
2011-08-29 00:00:00,35.39091883373475
2011-08-29 01:00:00,13.53481043765416
2011-08-29 02:00:00,9.63156774331811
2011-08-29 03:00:00,7.483303777569484
2011-08-29 04:00:00,6.756533075736055
2011-08-29 05:00:00,24.697124966775103
2011-08-29 06:00:00,110.9633594422034
2011-08-29 07:00:00,312.2802399988961
2011-08-29 08:00:00,397.9794718485359
2011-08-29 09:00:00,203.61473356477023
2011-08-29 10:00:00,122.20328262240592
2011-08-29 11:00:00,158.5176648346625
2011-08-29 12:00:00,196.04617923316215
2011-08-29 13:00:00,208.96109242084665
2011-08-29 14:00:00,180.60158123275573
2011-08-29 15:00:00,181.01085441196906
2011-08-29 16:00:00,298.31368709905564
2011-08-29 17:00:00,544.8494998298391
2011-08-29 18:00:00,537.5616680343092
2011-08-29 19:00:00,397.62145450196806
2011-08-29 20:00:00,289.46278500104887
2011-08-29 21:00:00,215.0023917337063
2011-08-29 22:00:00,151.07722736539515
2011-08-29 23:00:00,74.21141706303243
2011-08-30 00:00:00,34.905104746159765
2011-08-30 01:00:00,13.232395248644556
2011-08-30 02:00:00,7.612024344305389
2011-08-30 03:00:00,6.508745111649926
2011-08-30 04:00:00,7.379942532308538
2011-08-30 05:00:00,22.87200710546623
2011-08-30 06:00:00,114.58897880692052
2011-08-30 07:00:00,339.9101735378272
2011-08-30 08:00:00,461.9430706881853
2011-08-30 09:00:00,202.58019221286892
2011-08-30 10:00:00,129.08803564982242
2011-08-30 11:00:00,154.31451659506956
2011-08-30 12:00:00,203.55760690576759
2011-08-30 13:00:00,198.40768229018477
2011-08-30 14:00:00,178.7170654422978
2011-08-30 15:00:00,179.406183747842
2011-08-30 16:00:00,300.1668898526401
2011-08-30 17:00:00,580.4740055098559
2011-08-30 18:00:00,554.5787595876002
2011-08-30 19:00:00,384.4144800272901
2011-08-30 20:00:00,294.49560270981004
2011-08-30 21:00:00,202.03552169734445
2011-08-30 22:00:00,159.9480705671725
2011-08-30 23:00:00,81.93654593327611
2011-08-31 00:00:00,31.266988825063585
2011-08-31 01:00:00,15.074846642594196
2011-08-31 02:00:00,7.621825753840754
2011-08-31 03:00:00,7.06917289210985
2011-08-31 04:00:00,7.302227082867242
2011-08-31 05:00:00,27.612372983959382
2011-08-31 06:00:00,107.86861817077693
2011-08-31 07:00:00,331.3772137828468
2011-08-31 08:00:00,435.0083767988348
2011-08-31 09:00:00,209.5555601839973
2011-08-31 10:00:00,131.0296789295262
2011-08-31 11:00:00,148.5052314933276
2011-08-31 12:00:00,202.98117990686603
2011-08-31 13:00:00,201.70213036837623
2011-08-31 14:00:00,176.6261730690055
2011-08-31 15:00:00,176.6893028699128
2011-08-31 16:00:00,293.9278463103341
2011-08-31 17:00:00,582.6700118908275
2011-08-31 18:00:00,539.8490319382673
2011-08-31 19:00:00,371.61736917021824
2011-08-31 20:00:00,295.4216863424589
2011-08-31 21:00:00,214.45305042952037
2011-08-31 22:00:00,150.25287107679173
2011-08-31 23:00:00,79.58573429513572
2011-09-20 00:00:00,34.66710221453522
2011-09-20 01:00:00,12.096287244933414
2011-09-20 02:00:00,4.841479069569738
2011-09-20 03:00:00,6.221826956784827
2011-09-20 04:00:00,6.572699091863095
2011-09-20 05:00:00,22.327637196780536
2011-09-20 06:00:00,111.73643349227827
2011-09-20 07:00:00,288.2164810903155
2011-09-20 08:00:00,178.5288895366397
2011-09-20 09:00:00,127.89692127541846
2011-09-20 10:00:00,64.71196600594789
2011-09-20 11:00:00,61.69205900300547
2011-09-20 12:00:00,88.02542458726174
2011-09-20 13:00:00,85.3849571045964
2011-09-20 14:00:00,120.92210638686302
2011-09-20 15:00:00,164.14189647341072
2011-09-20 16:00:00,197.85447977657924
2011-09-20 17:00:00,327.41096393223387
2011-09-20 18:00:00,323.0262927222257
2011-09-20 19:00:00,213.20042018420065
2011-09-20 20:00:00,121.22112818406353
2011-09-20 21:00:00,106.35110551383998
2011-09-20 22:00:00,126.42198798525853
2011-09-20 23:00:00,67.85272528357918
2011-09-21 00:00:00,22.624044278946702
2011-09-21 01:00:00,10.756553536172865
2011-09-21 02:00:00,6.415579068520328
2011-09-21 03:00:00,4.38259794703537
2011-09-21 04:00:00,5.280933744881822
2011-09-21 05:00:00,16.154728352893414
2011-09-21 06:00:00,88.02716492982202
2011-09-21 07:00:00,174.5004323580684
2011-09-21 08:00:00,219.4794348652676
2011-09-21 09:00:00,86.59793743358084
2011-09-21 10:00:00,87.5124390217453
2011-09-21 11:00:00,110.95558105424736
2011-09-21 12:00:00,159.45994250452995
2011-09-21 13:00:00,169.92467463086825
2011-09-21 14:00:00,161.20672020037014
2011-09-21 15:00:00,164.53675641669523
2011-09-21 16:00:00,274.02597515498286
2011-09-21 17:00:00,393.5636032560024
2011-09-21 18:00:00,330.9390614900606
2011-09-21 19:00:00,117.69324255710822
2011-09-21 20:00:00,94.73248422347999
2011-09-21 21:00:00,79.31561035573102
2011-09-21 22:00:00,122.838610780103
2011-09-21 23:00:00,70.67398239267551
2011-09-22 00:00:00,25.120787848540843
2011-09-22 01:00:00,13.274732873957113
2011-09-22 02:00:00,7.21398551974676
2011-09-22 03:00:00,4.921513324889508
2011-09-22 04:00:00,4.885883770901954
2011-09-22 05:00:00,17.564200783459597
2011-09-22 06:00:00,90.23686811230702
2011-09-22 07:00:00,161.55157068744788
2011-09-22 08:00:00,194.4184980335201
2011-09-22 09:00:00,116.33420334601183
2011-09-22 10:00:00,127.42343200095208
2011-09-22 11:00:00,131.73284521030556
2011-09-22 12:00:00,131.24387912130013
2011-09-22 13:00:00,131.63903079603728
2011-09-22 14:00:00,126.35630339594913
2011-09-22 15:00:00,130.0437603585854
2011-09-22 16:00:00,274.39594398873777
2011-09-22 17:00:00,377.48030017771424
2011-09-22 18:00:00,275.1835893835841
2011-09-22 19:00:00,190.8015620767402
2011-09-22 20:00:00,105.70832060872168
2011-09-22 21:00:00,120.95849024404612
2011-09-22 22:00:00,121.80724767391584
2011-09-22 23:00:00,87.74712325792453
2011-09-23 00:00:00,31.249743435780218
2011-09-23 01:00:00,13.37391971865669
2011-09-23 02:00:00,9.565832976653642
2011-09-23 03:00:00,6.349633470579464
2011-09-23 04:00:00,4.5068648008906305
2011-09-23 05:00:00,17.07707733863768
2011-09-23 06:00:00,74.26110496285106
2011-09-23 07:00:00,160.04669654002498
2011-09-23 08:00:00,205.19303003748533
2011-09-23 09:00:00,122.2956391264033
2011-09-23 10:00:00,93.20270525401067
2011-09-23 11:00:00,99.46591674548355
2011-09-23 12:00:00,103.7778655899214
2011-09-23 13:00:00,101.24197763591265
2011-09-23 14:00:00,100.92995701125918
2011-09-23 15:00:00,97.91213321392515
2011-09-23 16:00:00,117.1342109627133
2011-09-23 17:00:00,109.81159739406621
2011-09-23 18:00:00,120.01584417463373
2011-09-23 19:00:00,179.94921268261356
2011-09-23 20:00:00,135.78794142142235
2011-09-23 21:00:00,118.19684328533835
2011-09-23 22:00:00,130.3053036726452
2011-09-23 23:00:00,93.19981776970447
2011-09-24 00:00:00,79.40839158976236
2011-09-24 01:00:00,71.43148966112842
2011-09-24 02:00:00,58.65363287593228
2011-09-24 03:00:00,32.26716221222709
2011-09-24 04:00:00,9.013895859214358
2011-09-24 05:00:00,11.269837422221995
2011-09-24 06:00:00,14.86162581028755
2011-09-24 07:00:00,64.05104893287795
2011-09-24 08:00:00,109.35782590068605
2011-09-24 09:00:00,136.21254761534254
2011-09-24 10:00:00,159.40183843695624
2011-09-24 11:00:00,219.63670421343778
2011-09-24 12:00:00,231.42374069805942
2011-09-24 13:00:00,305.7786813448642
2011-09-24 14:00:00,297.878808434986
2011-09-24 15:00:00,303.63665988644397
2011-09-24 16:00:00,299.9892453319296
2011-09-24 17:00:00,290.4585357086055
2011-09-24 18:00:00,270.4970515762731
2011-09-24 19:00:00,194.67501606574095
2011-09-24 20:00:00,181.50430456882526
2011-09-24 21:00:00,149.66341124685965
2011-09-24 22:00:00,132.2680691403781
2011-09-24 23:00:00,107.12070827988018
2011-09-25 00:00:00,97.34535561894609
2011-09-25 01:00:00,78.75438756396292
2011-09-25 02:00:00,58.17103510304079
2011-09-25 03:00:00,32.072342763789386
2011-09-25 04:00:00,7.867128793663326
2011-09-25 05:00:00,16.423945691960082
2011-09-25 06:00:00,15.989722397011706
2011-09-25 07:00:00,43.10269464452536
2011-09-25 08:00:00,78.54382170072552
2011-09-25 09:00:00,170.48610912577695
2011-09-25 10:00:00,215.2539440363069
2011-09-25 11:00:00,280.4927400551966
2011-09-25 12:00:00,291.8723097835591
2011-09-25 13:00:00,310.8560274607894
2011-09-25 14:00:00,291.45452558512375
2011-09-25 15:00:00,294.6598586242477
2011-09-25 16:00:00,368.12829713621556
2011-09-25 17:00:00,275.2036040689385
2011-09-25 18:00:00,262.4394672406478
2011-09-25 19:00:00,218.9686249407481
2011-09-25 20:00:00,185.75748061824686
2011-09-25 21:00:00,107.2258945375089
2011-09-25 22:00:00,126.9302097739554
2011-09-25 23:00:00,88.26618726855958
2011-09-26 00:00:00,27.21507220428808
2011-09-26 01:00:00,11.047808142302856
2011-09-26 02:00:00,5.667870314439374
2011-09-26 03:00:00,3.87585514997365
2011-09-26 04:00:00,5.4359147921226265
2011-09-26 05:00:00,20.81165541991992
2011-09-26 06:00:00,95.67649729386787
2011-09-26 07:00:00,178.08222879377328
2011-09-26 08:00:00,222.52518328148818
2011-09-26 09:00:00,170.900692047682
2011-09-26 10:00:00,116.77836949634982
2011-09-26 11:00:00,116.4751545911692
2011-09-26 12:00:00,144.31796715043131
2011-09-26 13:00:00,170.81431002370897
2011-09-26 14:00:00,167.36287608011605
2011-09-26 15:00:00,170.92683398454517
2011-09-26 16:00:00,289.7636759550079
2011-09-26 17:00:00,572.7732028003743
2011-09-26 18:00:00,312.80759400988825
2011-09-26 19:00:00,254.2581665350769
2011-09-26 20:00:00,161.42780406153224
2011-09-26 21:00:00,129.6610240060833
2011-09-26 22:00:00,129.92991361578078
2011-09-26 23:00:00,65.57560436322531
2011-09-27 00:00:00,27.958955412158783
2011-09-27 01:00:00,10.409625161532494
2011-09-27 02:00:00,6.398232576134109
2011-09-27 03:00:00,3.683524955186863
2011-09-27 04:00:00,4.384781972689999
2011-09-27 05:00:00,16.381770227802704
2011-09-27 06:00:00,103.40628430363984
2011-09-27 07:00:00,201.97911797618525
2011-09-27 08:00:00,311.6447578782488
2011-09-27 09:00:00,138.28100018973112
2011-09-27 10:00:00,82.43732515316285
2011-09-27 11:00:00,110.79197508834424
2011-09-27 12:00:00,118.67991012259401
2011-09-27 13:00:00,171.85771508939243
2011-09-27 14:00:00,129.82979878765704
2011-09-27 15:00:00,126.56736864569335
2011-09-27 16:00:00,189.7935173004303
2011-09-27 17:00:00,191.53534489109867
2011-09-27 18:00:00,204.1442767268339
2011-09-27 19:00:00,187.8152884127829
2011-09-27 20:00:00,228.3511507454811
2011-09-27 21:00:00,166.5620804722386
2011-09-27 22:00:00,131.39187606250186
2011-09-27 23:00:00,68.05430826544848
2011-09-28 00:00:00,30.31806244000792
2011-09-28 01:00:00,13.04257776662983
2011-09-28 02:00:00,5.444989498612027
2011-09-28 03:00:00,4.709863165261251
2011-09-28 04:00:00,6.853662141399861
2011-09-28 05:00:00,17.793395557669548
2011-09-28 06:00:00,69.21706133593194
2011-09-28 07:00:00,142.8284056449139
2011-09-28 08:00:00,208.91393377632832
2011-09-28 09:00:00,137.94197607566394
2011-09-28 10:00:00,50.14776213248293
2011-09-28 11:00:00,108.46818338577394
2011-09-28 12:00:00,130.46990173031546
2011-09-28 13:00:00,173.78454730861912
2011-09-28 14:00:00,171.0233649579965
2011-09-28 15:00:00,167.29628548708996
2011-09-28 16:00:00,293.89380167979584
2011-09-28 17:00:00,571.8726022105293
2011-09-28 18:00:00,325.94359849049863
2011-09-28 19:00:00,270.0382066763703
2011-09-28 20:00:00,127.1885408599211
2011-09-28 21:00:00,106.59771788427976
2011-09-28 22:00:00,131.5034958701856
2011-09-28 23:00:00,70.27515087163944
2011-09-29 00:00:00,26.87516589224839
2011-09-29 01:00:00,12.317081222355318
2011-09-29 02:00:00,7.3284970504608005
2011-09-29 03:00:00,6.0048017913645815
2011-09-29 04:00:00,6.518075371765339
2011-09-29 05:00:00,22.125618178193317
2011-09-29 06:00:00,116.947348306728
2011-09-29 07:00:00,269.6681332882475
2011-09-29 08:00:00,437.0002425324456
2011-09-29 09:00:00,209.88122028909132
2011-09-29 10:00:00,132.32158521334694
2011-09-29 11:00:00,158.1718097601582
2011-09-29 12:00:00,200.0062519263828
2011-09-29 13:00:00,191.24875028808304
2011-09-29 14:00:00,187.44735006049635
2011-09-29 15:00:00,187.31238465261023
2011-09-29 16:00:00,295.7356424342023
2011-09-29 17:00:00,565.5332604992874
2011-09-29 18:00:00,538.6269398374664
2011-09-29 19:00:00,368.41570267080675
2011-09-29 20:00:00,246.02129231792017
2011-09-29 21:00:00,201.3081909749916
2011-09-29 22:00:00,141.24678889574596
2011-09-29 23:00:00,103.03300938966409
2011-09-30 00:00:00,52.56499730699893
2011-09-30 01:00:00,26.82110271966652
2011-09-30 02:00:00,11.224331785698888
2011-09-30 03:00:00,6.758401928115925
2011-09-30 04:00:00,6.713028827669874
2011-09-30 05:00:00,27.035769194992252
2011-09-30 06:00:00,87.10479390485348
2011-09-30 07:00:00,272.01892386236756
2011-09-30 08:00:00,438.69129606531317
2011-09-30 09:00:00,221.82906561140567
2011-09-30 10:00:00,168.1072855181839
2011-09-30 11:00:00,195.47196450308113
2011-09-30 12:00:00,243.2581795358302
2011-09-30 13:00:00,230.1221279177599
2011-09-30 14:00:00,234.92877454762706
2011-09-30 15:00:00,240.80579285190362
2011-09-30 16:00:00,360.6591899403706
2011-09-30 17:00:00,531.6899251409385
2011-09-30 18:00:00,460.28900763567015
2011-09-30 19:00:00,298.10181750393866
2011-09-30 20:00:00,195.9448280005497
2011-09-30 21:00:00,174.5019778273994
2011-09-30 22:00:00,123.59994912424976
2011-09-30 23:00:00,112.1045121205311
2011-10-20 00:00:00,23.636884014989302
2011-10-20 01:00:00,14.809648895560787
2011-10-20 02:00:00,6.769345026665944
2011-10-20 03:00:00,5.010688729471453
2011-10-20 04:00:00,5.567867589494058
2011-10-20 05:00:00,28.36527364095073
2011-10-20 06:00:00,89.8793119046966
2011-10-20 07:00:00,270.13499813247864
2011-10-20 08:00:00,333.6620283899356
2011-10-20 09:00:00,200.35039813085805
2011-10-20 10:00:00,127.8558339133313
2011-10-20 11:00:00,142.07150877124477
2011-10-20 12:00:00,165.11316719461524
2011-10-20 13:00:00,161.4118396292302
2011-10-20 14:00:00,145.27519720779466
2011-10-20 15:00:00,146.14003979839546
2011-10-20 16:00:00,241.2245997708996
2011-10-20 17:00:00,460.70402719784124
2011-10-20 18:00:00,412.9396817540056
2011-10-20 19:00:00,266.91136093356465
2011-10-20 20:00:00,219.56353225675124
2011-10-20 21:00:00,141.47012089672364
2011-10-20 22:00:00,111.85319027578853
2011-10-20 23:00:00,88.87379609195692
2011-10-21 00:00:00,48.92067358190935
2011-10-21 01:00:00,26.35864149171285
2011-10-21 02:00:00,13.515305751073406
2011-10-21 03:00:00,6.873152499329896
2011-10-21 04:00:00,5.665358439472265
2011-10-21 05:00:00,26.95502905627553
2011-10-21 06:00:00,89.97519879404722
2011-10-21 07:00:00,244.24023792974717
2011-10-21 08:00:00,401.26507092249864
2011-10-21 09:00:00,218.5926918131139
2011-10-21 10:00:00,158.38872737919002
2011-10-21 11:00:00,181.50834763079828
2011-10-21 12:00:00,214.99064979614562
2011-10-21 13:00:00,209.9781397633414
2011-10-21 14:00:00,212.91153777633082
2011-10-21 15:00:00,217.99839697540384
2011-10-21 16:00:00,309.4831948776954
2011-10-21 17:00:00,458.37532971468073
2011-10-21 18:00:00,405.42401400509135
2011-10-21 19:00:00,259.55351907932675
2011-10-21 20:00:00,186.2884292323347
2011-10-21 21:00:00,145.06761750318842
2011-10-21 22:00:00,118.68489365612999
2011-10-21 23:00:00,92.79997482139224
2011-10-22 00:00:00,80.05807238122874
2011-10-22 01:00:00,67.10383535533651
2011-10-22 02:00:00,59.092522378930816
2011-10-22 03:00:00,25.050884540767253
2011-10-22 04:00:00,7.279467293962583
2011-10-22 05:00:00,7.827664994388369
2011-10-22 06:00:00,20.440896998046934
2011-10-22 07:00:00,43.99638092365471
2011-10-22 08:00:00,97.99847480685042
2011-10-22 09:00:00,167.5440912169392
2011-10-22 10:00:00,256.17683289606657
2011-10-22 11:00:00,305.45590382889327
2011-10-22 12:00:00,336.45932078774416
2011-10-22 13:00:00,370.3064074648217
2011-10-22 14:00:00,347.9557449462495
2011-10-22 15:00:00,344.35157859786415
2011-10-22 16:00:00,327.6196221023919
2011-10-22 17:00:00,281.5432816102841
2011-10-22 18:00:00,241.85588498646499
2011-10-22 19:00:00,216.43479048278655
2011-10-22 20:00:00,160.9363295117744
2011-10-22 21:00:00,128.53656089446739
2011-10-22 22:00:00,109.73656229163393
2011-10-22 23:00:00,93.04819017485599
2011-10-23 00:00:00,77.93118734732775
2011-10-23 01:00:00,71.50254615700456
2011-10-23 02:00:00,52.11556280101909
2011-10-23 03:00:00,27.370078110680787
2011-10-23 04:00:00,9.768215195088999
2011-10-23 05:00:00,8.956983727275269
2011-10-23 06:00:00,16.562477156833157
2011-10-23 07:00:00,38.258169618343324
2011-10-23 08:00:00,79.25385549528103
2011-10-23 09:00:00,148.9217688654014
2011-10-23 10:00:00,254.65768054621321
2011-10-23 11:00:00,260.29416781764183
2011-10-23 12:00:00,332.4067607045468
2011-10-23 13:00:00,359.09486033048984
2011-10-23 14:00:00,358.18696871913954
2011-10-23 15:00:00,363.7559851512639
2011-10-23 16:00:00,345.51185332807995
2011-10-23 17:00:00,276.60139738620427
2011-10-23 18:00:00,245.4833925301276
2011-10-23 19:00:00,188.4302857265699
2011-10-23 20:00:00,138.57829658977718
2011-10-23 21:00:00,107.53622090045884
2011-10-23 22:00:00,86.33163793394743
2011-10-23 23:00:00,75.31933312427627
2011-10-24 00:00:00,33.47177396138724
2011-10-24 01:00:00,10.777161080823376
2011-10-24 02:00:00,5.0138607271221
2011-10-24 03:00:00,7.619535208397668
2011-10-24 04:00:00,7.466109719721357
2011-10-24 05:00:00,25.18235369445781
2011-10-24 06:00:00,96.40229570812622
2011-10-24 07:00:00,242.94813443376864
2011-10-24 08:00:00,346.5650976504957
2011-10-24 09:00:00,182.75892234995212
2011-10-24 10:00:00,111.03938434956206
2011-10-24 11:00:00,129.12487189550478
2011-10-24 12:00:00,175.71608646802412
2011-10-24 13:00:00,176.57999176922408
2011-10-24 14:00:00,171.39373014166173
2011-10-24 15:00:00,188.2869918149043
2011-10-24 16:00:00,282.1936806666111
2011-10-24 17:00:00,513.124397834797
2011-10-24 18:00:00,512.542214705206
2011-10-24 19:00:00,261.9153652487267
2011-10-24 20:00:00,217.13550882350552
2011-10-24 21:00:00,165.69724835137396
2011-10-24 22:00:00,119.6493700092604
2011-10-24 23:00:00,65.85575341370267
2011-10-25 00:00:00,43.60508820204571
2011-10-25 01:00:00,15.000786907099203
2011-10-25 02:00:00,5.032874884895228
2011-10-25 03:00:00,5.708124046618453
2011-10-25 04:00:00,6.8582248423136685
2011-10-25 05:00:00,24.98896589990345
2011-10-25 06:00:00,102.20032285249202
2011-10-25 07:00:00,277.84350140436044
2011-10-25 08:00:00,426.9341062710623
2011-10-25 09:00:00,201.2915065381655
2011-10-25 10:00:00,129.19171944290005
2011-10-25 11:00:00,140.34238981080514
2011-10-25 12:00:00,192.42020968989056
2011-10-25 13:00:00,192.7707196982284
2011-10-25 14:00:00,167.4025578500082
2011-10-25 15:00:00,176.91752100927943
2011-10-25 16:00:00,306.68773684344853
2011-10-25 17:00:00,565.7421337804777
2011-10-25 18:00:00,495.89034967295083
2011-10-25 19:00:00,307.78853621343836
2011-10-25 20:00:00,227.52871989383502
2011-10-25 21:00:00,158.31282531556354
2011-10-25 22:00:00,131.12036357090608
2011-10-25 23:00:00,68.88191064605641
2011-10-26 00:00:00,45.327501752988326
2011-10-26 01:00:00,14.226420679416014
2011-10-26 02:00:00,7.5229459684197835
2011-10-26 03:00:00,5.330825488719836
2011-10-26 04:00:00,5.233038672131845
2011-10-26 05:00:00,26.67031688953092
2011-10-26 06:00:00,112.57180801294345
2011-10-26 07:00:00,300.71342596939076
2011-10-26 08:00:00,427.3683686853587
2011-10-26 09:00:00,206.51363207595978
2011-10-26 10:00:00,129.1641661942988
2011-10-26 11:00:00,141.22563428298366
2011-10-26 12:00:00,177.98728517727574
2011-10-26 13:00:00,165.73501510293312
2011-10-26 14:00:00,151.81286360737386
2011-10-26 15:00:00,158.4919855464345
2011-10-26 16:00:00,233.4899611241769
2011-10-26 17:00:00,434.7724739092621
2011-10-26 18:00:00,456.75671921679935
2011-10-26 19:00:00,259.077764187296
2011-10-26 20:00:00,173.34005643638247
2011-10-26 21:00:00,174.83411852810636
2011-10-26 22:00:00,125.8260411486596
2011-10-26 23:00:00,67.43233331651048
2011-10-27 00:00:00,31.902854001461495
2011-10-27 01:00:00,10.93600927022188
2011-10-27 02:00:00,7.41216991389399
2011-10-27 03:00:00,4.179205433019623
2011-10-27 04:00:00,5.060560867698222
2011-10-27 05:00:00,18.223510725641667
2011-10-27 06:00:00,61.020712979721026
2011-10-27 07:00:00,236.30073969084606
2011-10-27 08:00:00,188.79360442846848
2011-10-27 09:00:00,197.1942811676587
2011-10-27 10:00:00,93.77574027354709
2011-10-27 11:00:00,87.64802699422563
2011-10-27 12:00:00,80.65549014644569
2011-10-27 13:00:00,134.39593673989654
2011-10-27 14:00:00,121.26947493481839
2011-10-27 15:00:00,124.63735534650756
2011-10-27 16:00:00,288.5254256466377
2011-10-27 17:00:00,378.1200025788969
2011-10-27 18:00:00,388.0789488191337
2011-10-27 19:00:00,247.46313223432503
2011-10-27 20:00:00,199.90118561910865
2011-10-27 21:00:00,99.85578609995117
2011-10-27 22:00:00,49.43362124813627
2011-10-27 23:00:00,41.96134519369799
2011-10-28 00:00:00,40.3853217637107
2011-10-28 01:00:00,18.960415184062235
2011-10-28 02:00:00,11.939146389027366
2011-10-28 03:00:00,3.9123002253431434
2011-10-28 04:00:00,4.153080210686723
2011-10-28 05:00:00,24.16035389646748
2011-10-28 06:00:00,88.25668579065463
2011-10-28 07:00:00,199.20478220067753
2011-10-28 08:00:00,307.9017174093164
2011-10-28 09:00:00,177.95408063384562
2011-10-28 10:00:00,120.64238746057477
2011-10-28 11:00:00,154.40433500780347
2011-10-28 12:00:00,185.43920944938407
2011-10-28 13:00:00,180.2538252918023
2011-10-28 14:00:00,166.25637994426853
2011-10-28 15:00:00,167.64963016761328
2011-10-28 16:00:00,226.71210507693624
2011-10-28 17:00:00,369.90748533178305
2011-10-28 18:00:00,340.7860424016375
2011-10-28 19:00:00,225.707852324437
2011-10-28 20:00:00,129.75707248366416
2011-10-28 21:00:00,89.4948262059988
2011-10-28 22:00:00,59.80460608863828
2011-10-28 23:00:00,50.903812251765025
2011-10-29 00:00:00,43.44395246869706
2011-10-29 01:00:00,36.8227910178995
2011-10-29 02:00:00,37.435148517013126
2011-10-29 03:00:00,12.629311414065816
2011-10-29 04:00:00,5.517696049675812
2011-10-29 05:00:00,4.240380470505983
2011-10-29 06:00:00,14.118204854731832
2011-10-29 07:00:00,37.43019055433458
2011-10-29 08:00:00,76.07060510132077
2011-10-29 09:00:00,88.13888780908293
2011-10-29 10:00:00,88.45681620400283
2011-10-29 11:00:00,92.337192078612
2011-10-29 12:00:00,88.87601215717861
2011-10-29 13:00:00,84.66171833368145
2011-10-29 14:00:00,92.2754018721708
2011-10-29 15:00:00,83.44259624786741
2011-10-29 16:00:00,87.60361407039193
2011-10-29 17:00:00,88.42419337863699
2011-10-29 18:00:00,83.5198302132474
2011-10-29 19:00:00,105.7484301990972
2011-10-29 20:00:00,94.1013715476361
2011-10-29 21:00:00,67.48089624793836
2011-10-29 22:00:00,64.63281954502494
2011-10-29 23:00:00,52.65998097968015
2011-10-30 00:00:00,65.52108271806446
2011-10-30 01:00:00,48.11047531313106
2011-10-30 02:00:00,41.75466730116292
2011-10-30 03:00:00,12.712106947945495
2011-10-30 04:00:00,4.288574950616745
2011-10-30 05:00:00,4.427692326334439
2011-10-30 06:00:00,11.933204315563135
2011-10-30 07:00:00,26.441758547145067
2011-10-30 08:00:00,75.80287572803736
2011-10-30 09:00:00,119.13816809598309
2011-10-30 10:00:00,190.24862005887837
2011-10-30 11:00:00,249.05786298252198
2011-10-30 12:00:00,308.8005017822485
2011-10-30 13:00:00,321.37896601589625
2011-10-30 14:00:00,333.922645164127
2011-10-30 15:00:00,335.1254340513174
2011-10-30 16:00:00,312.9540977994665
2011-10-30 17:00:00,265.5149024919082
2011-10-30 18:00:00,207.90999843917592
2011-10-30 19:00:00,280.48783838849397
2011-10-30 20:00:00,108.63694755175715
2011-10-30 21:00:00,84.04476040667446
2011-10-30 22:00:00,55.54305979735103
2011-10-30 23:00:00,40.93202639818522
2011-10-31 00:00:00,18.68658026513401
2011-10-31 01:00:00,8.0518535727263
2011-10-31 02:00:00,3.7525598404051097
2011-10-31 03:00:00,4.747575396055444
2011-10-31 04:00:00,5.066219299612368
2011-10-31 05:00:00,22.821454899809382
2011-10-31 06:00:00,93.32034654846387
2011-10-31 07:00:00,219.57496276607145
2011-10-31 08:00:00,335.87281639727934
2011-10-31 09:00:00,160.3138804880046
2011-10-31 10:00:00,107.20187045890633
2011-10-31 11:00:00,133.32491815495723
2011-10-31 12:00:00,157.05907524041766
2011-10-31 13:00:00,152.3959326944794
2011-10-31 14:00:00,149.33327653015377
2011-10-31 15:00:00,160.95684473680637
2011-10-31 16:00:00,250.7686859078453
2011-10-31 17:00:00,486.96529899780876
2011-10-31 18:00:00,413.36071184729934
2011-10-31 19:00:00,290.63551066948753
2011-10-31 20:00:00,201.51332192495272
2011-10-31 21:00:00,121.64405270570575
2011-10-31 22:00:00,89.34422796022086
2011-10-31 23:00:00,52.0879594521
2011-11-20 00:00:00,73.4503560909071
2011-11-20 01:00:00,62.857267070049
2011-11-20 02:00:00,57.466370121195716
2011-11-20 03:00:00,24.05563849452509
2011-11-20 04:00:00,7.024821807027436
2011-11-20 05:00:00,6.931541667718152
2011-11-20 06:00:00,15.747790668794574
2011-11-20 07:00:00,45.80275395538838
2011-11-20 08:00:00,83.83653337469147
2011-11-20 09:00:00,151.92225273478962
2011-11-20 10:00:00,251.0586866472785
2011-11-20 11:00:00,321.3240602552859
2011-11-20 12:00:00,328.67279714474404
2011-11-20 13:00:00,360.8048410046603
2011-11-20 14:00:00,352.8831158759173
2011-11-20 15:00:00,339.8920782772199
2011-11-20 16:00:00,327.7430023608535
2011-11-20 17:00:00,267.4384788365674
2011-11-20 18:00:00,265.88472587810514
2011-11-20 19:00:00,204.4257977564098
2011-11-20 20:00:00,172.37939059241654
2011-11-20 21:00:00,118.75984938208873
2011-11-20 22:00:00,57.928838522293894
2011-11-20 23:00:00,50.644934451771334
2011-11-21 00:00:00,29.011493732776106
2011-11-21 01:00:00,7.617926004994505
2011-11-21 02:00:00,6.550429062489368
2011-11-21 03:00:00,3.7702600660125896
2011-11-21 04:00:00,4.081000112327695
2011-11-21 05:00:00,17.431810329868362
2011-11-21 06:00:00,82.47401484200911
2011-11-21 07:00:00,245.51412369488935
2011-11-21 08:00:00,330.9316595636448
2011-11-21 09:00:00,159.74712268579475
2011-11-21 10:00:00,108.61159591102353
2011-11-21 11:00:00,111.61397846171684
2011-11-21 12:00:00,166.42383960714798
2011-11-21 13:00:00,162.14670495748427
2011-11-21 14:00:00,127.67909570872567
2011-11-21 15:00:00,49.125670057594604
2011-11-21 16:00:00,76.99785062586547
2011-11-21 17:00:00,79.69181126922547
2011-11-21 18:00:00,127.56043085539815
2011-11-21 19:00:00,86.05927983138415
2011-11-21 20:00:00,107.67758101338218
2011-11-21 21:00:00,89.66541787664752
2011-11-21 22:00:00,64.9808593082223
2011-11-21 23:00:00,45.93281005932848
2011-11-22 00:00:00,20.142590236612804
2011-11-22 01:00:00,7.540882017384481
2011-11-22 02:00:00,5.938869575533147
2011-11-22 03:00:00,3.8221303618699998
2011-11-22 04:00:00,4.508490196469211
2011-11-22 05:00:00,16.19411193997364
2011-11-22 06:00:00,86.2846694114589
2011-11-22 07:00:00,100.87792951074667
2011-11-22 08:00:00,122.29231811959676
2011-11-22 09:00:00,85.28614348698353
2011-11-22 10:00:00,52.37233103943954
2011-11-22 11:00:00,58.41913722233205
2011-11-22 12:00:00,57.323636811960654
2011-11-22 13:00:00,52.86222053779602
2011-11-22 14:00:00,50.55540639211121
2011-11-22 15:00:00,51.1518775315625
2011-11-22 16:00:00,78.56025305538962
2011-11-22 17:00:00,85.06377868710364
2011-11-22 18:00:00,91.4484549596643
2011-11-22 19:00:00,130.00011196364534
2011-11-22 20:00:00,156.98603368768698
2011-11-22 21:00:00,127.07582253616302
2011-11-22 22:00:00,119.74177065235435
2011-11-22 23:00:00,67.36092255419759
2011-11-23 00:00:00,22.17890323398407
2011-11-23 01:00:00,11.574644450754164
2011-11-23 02:00:00,5.106137496211557
2011-11-23 03:00:00,4.544110420096173
2011-11-23 04:00:00,5.950714215064825
2011-11-23 05:00:00,19.632269151655333
2011-11-23 06:00:00,81.72991106720565
2011-11-23 07:00:00,205.86861838983853
2011-11-23 08:00:00,322.58398349288154
2011-11-23 09:00:00,158.80654236344645
2011-11-23 10:00:00,102.37517825439781
2011-11-23 11:00:00,127.02291555977581
2011-11-23 12:00:00,167.18295106074206
2011-11-23 13:00:00,151.18191181732794
2011-11-23 14:00:00,145.9606202516216
2011-11-23 15:00:00,147.41622546960176
2011-11-23 16:00:00,220.84703419925157
2011-11-23 17:00:00,255.9070513972252
2011-11-23 18:00:00,381.360278188276
2011-11-23 19:00:00,255.9794366721137
2011-11-23 20:00:00,171.80943598235274
2011-11-23 21:00:00,69.15189054810993
2011-11-23 22:00:00,47.49639518383495
2011-11-23 23:00:00,57.56313143750363
2011-11-24 00:00:00,50.74323478175159
2011-11-24 01:00:00,29.687861942250024
2011-11-24 02:00:00,15.247488234455492
2011-11-24 03:00:00,7.2121003773828924
2011-11-24 04:00:00,7.400666839643687
2011-11-24 05:00:00,12.085234892364985
2011-11-24 06:00:00,36.26471130141502
2011-11-24 07:00:00,104.30423467028957
2011-11-24 08:00:00,199.2746562258187
2011-11-24 09:00:00,195.18188069721285
2011-11-24 10:00:00,215.67438886035617
2011-11-24 11:00:00,278.11339819199924
2011-11-24 12:00:00,312.646308384409
2011-11-24 13:00:00,321.15837150441104
2011-11-24 14:00:00,329.2263061906031
2011-11-24 15:00:00,327.05933019055465
2011-11-24 16:00:00,298.1042912835403
2011-11-24 17:00:00,395.6471579931022
2011-11-24 18:00:00,327.5405700170855
2011-11-24 19:00:00,235.37805691829982
2011-11-24 20:00:00,147.2515043076937
2011-11-24 21:00:00,121.27814977865091
2011-11-24 22:00:00,99.45872642655861
2011-11-24 23:00:00,74.64160255599148
2011-11-25 00:00:00,39.720111291077274
2011-11-25 01:00:00,18.639149467671665
2011-11-25 02:00:00,10.531133720400433
2011-11-25 03:00:00,4.619997184174699
2011-11-25 04:00:00,4.844407645941812
2011-11-25 05:00:00,24.99198403019133
2011-11-25 06:00:00,79.58701175761928
2011-11-25 07:00:00,249.64220585303823
2011-11-25 08:00:00,375.37192261084675
2011-11-25 09:00:00,215.6143930657552
2011-11-25 10:00:00,147.60601173109157
2011-11-25 11:00:00,173.94845161998703
2011-11-25 12:00:00,214.8527460985639
2011-11-25 13:00:00,216.98234866662688
2011-11-25 14:00:00,220.72722295246223
2011-11-25 15:00:00,226.1787524062496
2011-11-25 16:00:00,308.33246934621764
2011-11-25 17:00:00,478.00274449215385
2011-11-25 18:00:00,439.60335970687396
2011-11-25 19:00:00,245.75591546239366
2011-11-25 20:00:00,183.60180636491913
2011-11-25 21:00:00,133.00406247530643
2011-11-25 22:00:00,106.74110726113906
2011-11-25 23:00:00,81.50377828043776
2011-11-26 00:00:00,73.5322545423515
2011-11-26 01:00:00,73.48628051228035
2011-11-26 02:00:00,48.040729801496255
2011-11-26 03:00:00,19.003316245232362
2011-11-26 04:00:00,8.223361440319758
2011-11-26 05:00:00,7.608771250987737
2011-11-26 06:00:00,17.3758302770763
2011-11-26 07:00:00,33.768947673972804
2011-11-26 08:00:00,95.5316455130265
2011-11-26 09:00:00,159.9684864952707
2011-11-26 10:00:00,220.72807770713126
2011-11-26 11:00:00,295.64054091007256
2011-11-26 12:00:00,351.7030927955415
2011-11-26 13:00:00,355.7249862469338
2011-11-26 14:00:00,347.6673448145938
2011-11-26 15:00:00,359.4580208028776
2011-11-26 16:00:00,311.68019515981945
2011-11-26 17:00:00,263.5503451233078
2011-11-26 18:00:00,214.21434698940757
2011-11-26 19:00:00,189.72373630510356
2011-11-26 20:00:00,159.4851258008758
2011-11-26 21:00:00,119.58837341120773
2011-11-26 22:00:00,101.67166777356798
2011-11-26 23:00:00,76.97084249042926
2011-11-27 00:00:00,86.94388662029347
2011-11-27 01:00:00,87.27606638169611
2011-11-27 02:00:00,44.41340231887748
2011-11-27 03:00:00,29.470983757562465
2011-11-27 04:00:00,8.764381477059251
2011-11-27 05:00:00,7.292045753095731
2011-11-27 06:00:00,15.586276073865996
2011-11-27 07:00:00,46.73357618237684
2011-11-27 08:00:00,84.70304347486875
2011-11-27 09:00:00,146.49205654628352
2011-11-27 10:00:00,253.70945356870646
2011-11-27 11:00:00,311.54793594480526
2011-11-27 12:00:00,374.24344297099776
2011-11-27 13:00:00,370.96317571060695
2011-11-27 14:00:00,438.7183972469392
2011-11-27 15:00:00,433.27525860388823
2011-11-27 16:00:00,395.27005287070756
2011-11-27 17:00:00,297.75580746512
2011-11-27 18:00:00,223.32430188165802
2011-11-27 19:00:00,197.0713208248453
2011-11-27 20:00:00,152.4422102076175
2011-11-27 21:00:00,111.34524285505466
2011-11-27 22:00:00,111.50769317173082
2011-11-27 23:00:00,77.9285408641857
2011-11-28 00:00:00,41.16445577247532
2011-11-28 01:00:00,14.723144097544722
2011-11-28 03:00:00,5.854994913300305
2011-11-28 04:00:00,7.420123386034203
2011-11-28 05:00:00,25.058153573085495
2011-11-28 06:00:00,99.96908089928723
2011-11-28 07:00:00,282.07308824571516
2011-11-28 08:00:00,329.8926218095511
2011-11-28 09:00:00,180.8109348063413
2011-11-28 10:00:00,117.88702458690827
2011-11-28 11:00:00,129.09101659125668
2011-11-28 12:00:00,191.0585998160038
2011-11-28 13:00:00,188.25330972602512
2011-11-28 14:00:00,176.93459325370938
2011-11-28 15:00:00,186.87524284854126
2011-11-28 16:00:00,291.4139254905548
2011-11-28 17:00:00,540.3480277764337
2011-11-28 18:00:00,507.2805608617316
2011-11-28 19:00:00,313.60474532571334
2011-11-28 20:00:00,233.63607572189582
2011-11-28 21:00:00,190.93292146652934
2011-11-28 22:00:00,123.85416542554081
2011-11-28 23:00:00,65.98988180439692
2011-11-29 00:00:00,28.02741798319055
2011-11-29 01:00:00,11.66255369128644
2011-11-29 02:00:00,5.460640608721527
2011-11-29 03:00:00,4.559196578589298
2011-11-29 04:00:00,5.458548939271986
2011-11-29 05:00:00,25.242983382588537
2011-11-29 06:00:00,98.94524811331736
2011-11-29 07:00:00,317.24033566049985
2011-11-29 08:00:00,440.6316167078926
2011-11-29 09:00:00,200.01071423940624
2011-11-29 10:00:00,97.59850310645864
2011-11-29 11:00:00,73.90133384705328
2011-11-29 12:00:00,92.12782375874937
2011-11-29 13:00:00,106.57424538744999
2011-11-29 14:00:00,51.094672907761925
2011-11-29 15:00:00,67.49526861694486
2011-11-29 16:00:00,94.73023316663084
2011-11-29 17:00:00,225.94070254413455
2011-11-29 18:00:00,302.14798873060164
2011-11-29 19:00:00,244.00234022590422
2011-11-29 20:00:00,171.33789775905905
2011-11-29 21:00:00,144.0619730537541
2011-11-29 22:00:00,100.99445874256949
2011-11-29 23:00:00,38.671719226588266
2011-11-30 00:00:00,30.116429528876843
2011-11-30 01:00:00,12.857344641253762
2011-11-30 02:00:00,6.03844497037242
2011-11-30 03:00:00,4.8057872144270455
2011-11-30 04:00:00,5.657666517096598
2011-11-30 05:00:00,24.902022315561467
2011-11-30 06:00:00,90.97527487003504
2011-11-30 07:00:00,253.52390128636725
2011-11-30 08:00:00,381.7798234071505
2011-11-30 09:00:00,198.5289621122389
2011-11-30 10:00:00,110.22075501605002
2011-11-30 11:00:00,130.05385716091138
2011-11-30 12:00:00,143.52687007541917
2011-11-30 13:00:00,149.1618993498832
2011-11-30 14:00:00,145.3969248624956
2011-11-30 15:00:00,146.47210287361514
2011-11-30 16:00:00,216.00304126559706
2011-11-30 17:00:00,353.53419030828354
2011-11-30 18:00:00,342.73643628820025
2011-11-30 19:00:00,247.83386037080683
2011-11-30 20:00:00,163.91260396921143
2011-11-30 21:00:00,79.94711328890796
2011-11-30 22:00:00,92.95671457241748
2011-11-30 23:00:00,62.43735893044944
2011-12-20 00:00:00,27.069164625250252
2011-12-20 01:00:00,12.301097444764867
2011-12-20 02:00:00,5.628925021350695
2011-12-20 03:00:00,4.929683566275004
2011-12-20 04:00:00,5.443699764149185
2011-12-20 05:00:00,22.570553476905925
2011-12-20 06:00:00,92.31906880841171
2011-12-20 07:00:00,258.58319920119493
2011-12-20 08:00:00,440.5208398011423
2011-12-20 09:00:00,223.74003732247914
2011-12-20 10:00:00,124.97907608682564
2011-12-20 11:00:00,131.30512743272266
2011-12-20 12:00:00,159.9668585583606
2011-12-20 13:00:00,156.99879785656614
2011-12-20 14:00:00,150.4776148487206
2011-12-20 15:00:00,152.7672419414846
2011-12-20 16:00:00,253.89811410005825
2011-12-20 17:00:00,406.2856126338501
2011-12-20 18:00:00,376.93668395500504
2011-12-20 19:00:00,263.8703548059776
2011-12-20 20:00:00,181.44251791380813
2011-12-20 21:00:00,141.69984172272106
2011-12-20 22:00:00,102.90159885331452
2011-12-20 23:00:00,66.02588541133545
2011-12-21 00:00:00,28.311932652970565
2011-12-21 01:00:00,12.859546247634178
2011-12-21 02:00:00,5.867574058867795
2011-12-21 03:00:00,4.616764790010726
2011-12-21 04:00:00,4.721096701161827
2011-12-21 05:00:00,20.17713852880278
2011-12-21 06:00:00,81.2005423958682
2011-12-21 07:00:00,238.66093215604803
2011-12-21 08:00:00,108.21820113412912
2011-12-21 09:00:00,166.55381954886585
2011-12-21 10:00:00,111.14557703060784
2011-12-21 11:00:00,107.03406061346291
2011-12-21 12:00:00,61.828016314829895
2011-12-21 13:00:00,38.519837027991684
2011-12-21 14:00:00,122.32525138561024
2011-12-21 15:00:00,123.37443804907439
2011-12-21 16:00:00,45.351738133913166
2011-12-21 17:00:00,52.23094565992164
2011-12-21 18:00:00,135.7062100957106
2011-12-21 19:00:00,141.98178280023734
2011-12-21 20:00:00,118.94109533328205
2011-12-21 21:00:00,136.8033739045225
2011-12-21 22:00:00,120.46906714982092
2011-12-21 23:00:00,70.10687573407593
2011-12-22 00:00:00,37.002092728979186
2011-12-22 01:00:00,11.747463073649055
2011-12-22 02:00:00,8.960824042762491
2011-12-22 03:00:00,5.516669703847557
2011-12-22 04:00:00,5.664510171771121
2011-12-22 05:00:00,23.205109315435255
2011-12-22 06:00:00,83.16135887591832
2011-12-22 07:00:00,220.08229080553704
2011-12-22 08:00:00,345.8742077262656
2011-12-22 09:00:00,179.61359431463518
2011-12-22 10:00:00,107.38339693730533
2011-12-22 11:00:00,117.82240853738695
2011-12-22 12:00:00,156.28435310389253
2011-12-22 13:00:00,148.20434875115242
2011-12-22 14:00:00,141.93178630139727
2011-12-22 15:00:00,146.90729329400028
2011-12-22 16:00:00,239.14775422514765
2011-12-22 17:00:00,365.34010373064245
2011-12-22 18:00:00,369.0735305263342
2011-12-22 19:00:00,256.19145167198764
2011-12-22 20:00:00,136.87500939231535
2011-12-22 21:00:00,114.78319355708481
2011-12-22 22:00:00,60.71933570165704
2011-12-22 23:00:00,50.45693972511928
2011-12-23 00:00:00,30.13977420875853
2011-12-23 01:00:00,18.060686061943034
2011-12-23 02:00:00,8.349332298425425
2011-12-23 03:00:00,4.1833970446281
2011-12-23 04:00:00,3.795709540810341
2011-12-23 05:00:00,20.472158832288873
2011-12-23 06:00:00,74.61479819631704
2011-12-23 07:00:00,228.26863446455633
2011-12-23 08:00:00,371.5785914080476
2011-12-23 09:00:00,211.50778570600832
2011-12-23 10:00:00,136.88340857885387
2011-12-23 11:00:00,154.8195045759235
2011-12-23 12:00:00,176.56407640121736
2011-12-23 13:00:00,176.11943078624054
2011-12-23 14:00:00,176.639420671507
2011-12-23 15:00:00,173.39161150998007
2011-12-23 16:00:00,224.33720782005403
2011-12-23 17:00:00,330.38845522166207
2011-12-23 18:00:00,311.2578828716838
2011-12-23 19:00:00,210.99845621735966
2011-12-23 20:00:00,132.53309061161238
2011-12-23 21:00:00,114.03952483040439
2011-12-23 22:00:00,88.50288285390268
2011-12-23 23:00:00,73.45778656711198
2011-12-24 00:00:00,72.61062798761697
2011-12-24 01:00:00,70.64258073308683
2011-12-24 02:00:00,53.397509622847544
2011-12-24 03:00:00,22.364781181222124
2011-12-24 04:00:00,6.125053309766198
2011-12-24 05:00:00,6.078897629749609
2011-12-24 06:00:00,7.632617270878953
2011-12-24 07:00:00,27.237892094890874
2011-12-24 08:00:00,69.04131740820989
2011-12-24 09:00:00,134.19174564607073
2011-12-24 10:00:00,161.6259940929031
2011-12-24 11:00:00,204.48603900816062
2011-12-24 12:00:00,239.71268499121015
2011-12-24 13:00:00,241.3798184417211
2011-12-24 14:00:00,240.57127897878502
2011-12-24 15:00:00,211.59015119010152
2011-12-24 16:00:00,211.9715400970146
2011-12-24 17:00:00,143.55575540842455
2011-12-24 18:00:00,146.74894625064508
2011-12-24 19:00:00,129.63961572366566
2011-12-24 20:00:00,94.8223508173494
2011-12-24 21:00:00,81.675452004082
2011-12-24 22:00:00,73.69053367581334
2011-12-24 23:00:00,54.85625865861989
2011-12-25 00:00:00,71.28924033621736
2011-12-25 01:00:00,59.24938443616433
2011-12-25 02:00:00,48.647088904322466
2011-12-25 03:00:00,18.11218770741344
2011-12-25 05:00:00,4.9690327494803475
2011-12-25 06:00:00,5.11591705136421
2011-12-25 07:00:00,20.964919981434356
2011-12-25 08:00:00,46.57410632027094
2011-12-25 09:00:00,88.78595716048106
2011-12-25 10:00:00,129.44167462972464
2011-12-25 11:00:00,158.4094988502374
2011-12-25 12:00:00,161.61415186564523
2011-12-25 13:00:00,193.8437279301869
2011-12-25 14:00:00,224.17838234227224
2011-12-25 15:00:00,226.00948966524246
2011-12-25 16:00:00,233.21652494603399
2011-12-25 17:00:00,198.18684544919267
2011-12-25 18:00:00,151.1721927163255
2011-12-25 19:00:00,143.34391699656905
2011-12-25 20:00:00,110.30995320437762
2011-12-25 21:00:00,70.55281390111561
2011-12-25 22:00:00,57.19892758588265
2011-12-25 23:00:00,41.28212331864013
2011-12-26 00:00:00,44.983700377118744
2011-12-26 01:00:00,36.13045301987269
2011-12-26 02:00:00,14.615626297663303
2011-12-26 04:00:00,6.685279887830509
2011-12-26 05:00:00,9.2681980098637
2011-12-26 06:00:00,14.65252151399333
2011-12-26 07:00:00,81.71259459341708
2011-12-26 08:00:00,146.67138114955299
2011-12-26 09:00:00,169.50370107714062
2011-12-26 10:00:00,166.5612867670725
2011-12-26 11:00:00,157.75668325078328
2011-12-26 12:00:00,209.6101332787909
2011-12-26 13:00:00,242.66172731571413
2011-12-26 14:00:00,237.37172961272876
2011-12-26 15:00:00,244.5410262801209
2011-12-26 16:00:00,215.50501314508935
2011-12-26 17:00:00,257.44630612206447
2011-12-26 18:00:00,219.64784763663693
2011-12-26 19:00:00,154.68486412454774
2011-12-26 20:00:00,114.83875094775699
2011-12-26 21:00:00,86.44301260404178
2011-12-26 22:00:00,63.8481340661498
2011-12-26 23:00:00,43.429676890971784
2011-12-27 00:00:00,18.336671506495474
2011-12-27 01:00:00,8.34130005470237
2011-12-27 02:00:00,4.058475350752035
2011-12-27 03:00:00,4.356341153064939
2011-12-27 04:00:00,4.879861343221195
2011-12-27 05:00:00,16.029265396743916
2011-12-27 06:00:00,75.99929387199631
2011-12-27 07:00:00,197.52740212568608
2011-12-27 08:00:00,315.68887165563496
2011-12-27 09:00:00,129.60154367621402
2011-12-27 10:00:00,103.43595073514294
2011-12-27 11:00:00,80.92592771667523
2011-12-27 12:00:00,81.92842848585428
2011-12-27 13:00:00,68.53003276821629
2011-12-27 14:00:00,70.85455070065245
2011-12-27 15:00:00,68.3968853971186
2011-12-27 16:00:00,64.2683909887108
2011-12-27 17:00:00,83.87308865167691
2011-12-27 18:00:00,207.97166476733685
2011-12-27 19:00:00,184.48803143090078
2011-12-27 20:00:00,129.74209456437393
2011-12-27 21:00:00,117.58865787860324
2011-12-27 22:00:00,83.79468348771954
2011-12-27 23:00:00,44.60009352470611
2011-12-28 00:00:00,19.190566216488936
2011-12-28 01:00:00,12.3940227373853
2011-12-28 02:00:00,6.023048622153317
2011-12-28 03:00:00,4.593739441946137
2011-12-28 05:00:00,17.15504085568078
2011-12-28 06:00:00,76.99175852332145
2011-12-28 07:00:00,207.1718944057801
2011-12-28 08:00:00,351.8527523442516
2011-12-28 09:00:00,200.39157742862886
2011-12-28 10:00:00,101.46863983286453
2011-12-28 11:00:00,115.27719059785161
2011-12-28 12:00:00,121.43092487169588
2011-12-28 13:00:00,127.3563799459153
2011-12-28 14:00:00,121.279896396367
2011-12-28 15:00:00,123.3485256067118
2011-12-28 16:00:00,172.43425224184594
2011-12-28 17:00:00,287.7435665193765
2011-12-28 18:00:00,254.62746336731837
2011-12-28 19:00:00,179.33669371555158
2011-12-28 20:00:00,131.55306672589128
2011-12-28 21:00:00,94.11917597539477
2011-12-28 22:00:00,71.53380759863627
2011-12-28 23:00:00,44.68615021045968
2011-12-29 00:00:00,23.21179340795425
2011-12-29 01:00:00,10.280565034662379
2011-12-29 02:00:00,6.048946250487738
2011-12-29 03:00:00,4.245534490999137
2011-12-29 04:00:00,4.136403809351405
2011-12-29 05:00:00,16.9209638421608
2011-12-29 06:00:00,72.83423443225531
2011-12-29 07:00:00,180.10473486570606
2011-12-29 08:00:00,308.0221324331742
2011-12-29 09:00:00,197.3029919191055
2011-12-29 10:00:00,95.53243887857607
2011-12-29 11:00:00,99.0440227789121
2011-12-29 12:00:00,117.11525771707707
2011-12-29 13:00:00,124.12883124330645
2011-12-29 14:00:00,125.0245126607679
2011-12-29 15:00:00,123.31571481919316
2011-12-29 16:00:00,174.74181298090483
2011-12-29 17:00:00,291.62558636983505
2011-12-29 18:00:00,280.87092769590305
2011-12-29 19:00:00,192.33610665251268
2011-12-29 20:00:00,137.6140833397605
2011-12-29 21:00:00,112.0081222587804
2011-12-29 22:00:00,83.07711653711254
2011-12-29 23:00:00,62.807096141605804
2011-12-30 00:00:00,29.13471006532647
2011-12-30 01:00:00,12.087597069218814
2011-12-30 02:00:00,9.079751125044297
2011-12-30 03:00:00,4.047803107079712
2011-12-30 04:00:00,3.598732614126106
2011-12-30 05:00:00,18.02903125605057
2011-12-30 06:00:00,67.09858294253937
2011-12-30 07:00:00,186.27991597018487
2011-12-30 08:00:00,293.83449259181754
2011-12-30 09:00:00,207.19289268042976
2011-12-30 10:00:00,103.56579749761275
2011-12-30 11:00:00,126.66313579505618
2011-12-30 12:00:00,144.04309267306297
2011-12-30 13:00:00,156.36700959396006
2011-12-30 14:00:00,172.43464687663425
2011-12-30 15:00:00,188.20231402687352
2011-12-30 16:00:00,250.31280746554833
2011-12-30 17:00:00,357.29888265755295
2011-12-30 18:00:00,322.28184627512223
2011-12-30 19:00:00,204.80101335788868
2011-12-30 20:00:00,148.28874810424327
2011-12-30 21:00:00,121.07243870187716
2011-12-30 22:00:00,94.42420830635061
2011-12-30 23:00:00,71.21856061660323
2011-12-31 00:00:00,57.394361454269905
2011-12-31 01:00:00,58.25191364731696
2011-12-31 02:00:00,51.52631297095676
2011-12-31 03:00:00,20.45989171692751
2011-12-31 04:00:00,6.0248772486152395
2011-12-31 05:00:00,6.039595699911329
2011-12-31 06:00:00,8.693773426253788
2011-12-31 07:00:00,41.41045041039026
2011-12-31 08:00:00,86.69163076178756
2011-12-31 09:00:00,145.31977663823474
2011-12-31 10:00:00,200.20488363942474
2011-12-31 11:00:00,233.72692595697094
2011-12-31 12:00:00,364.60723022077406
2011-12-31 13:00:00,338.9462826747992
2011-12-31 14:00:00,312.4844897072313
2011-12-31 15:00:00,308.57358206436425
2011-12-31 16:00:00,287.47877550906503
2011-12-31 17:00:00,234.3384574777883
2011-12-31 18:00:00,210.11076625109044
2011-12-31 19:00:00,182.79647391673296
2011-12-31 20:00:00,143.11814230332158
2011-12-31 21:00:00,123.45627237152051
2011-12-31 22:00:00,102.61690132744344
2011-12-31 23:00:00,72.42851640760607
2012-01-20 00:00:00,22.43919212403566
2012-01-20 01:00:00,8.527521228210448
2012-01-20 02:00:00,8.713595403615376
2012-01-20 03:00:00,5.110579262144511
2012-01-20 04:00:00,4.15660385461531
2012-01-20 05:00:00,20.423203797308858
2012-01-20 06:00:00,81.7084537327644
2012-01-20 07:00:00,205.74313093627427
2012-01-20 08:00:00,422.50446544745074
2012-01-20 09:00:00,210.3796498318756
2012-01-20 10:00:00,113.88694995185512
2012-01-20 11:00:00,117.62822699119467
2012-01-20 12:00:00,127.8449578207407
2012-01-20 13:00:00,136.16593858738347
2012-01-20 14:00:00,133.7503342987276
2012-01-20 15:00:00,131.8052078069779
2012-01-20 16:00:00,167.78866228037376
2012-01-20 17:00:00,263.263300043248
2012-01-20 18:00:00,253.03607574704196
2012-01-20 19:00:00,206.35046421004947
2012-01-20 20:00:00,143.8301170177886
2012-01-20 21:00:00,87.02973257563305
2012-01-20 22:00:00,63.022552859133604
2012-01-20 23:00:00,34.782959696403566
2012-01-21 00:00:00,34.180918714078295
2012-01-21 01:00:00,40.57097279578763
2012-01-21 02:00:00,35.18799508065507
2012-01-21 03:00:00,17.964646694583056
2012-01-21 04:00:00,6.372862250460464
2012-01-21 05:00:00,5.544743808009541
2012-01-21 06:00:00,7.239361711565364
2012-01-21 07:00:00,20.709035509617376
2012-01-21 08:00:00,69.95248760621797
2012-01-21 09:00:00,93.69098544436568
2012-01-21 10:00:00,119.45470062364468
2012-01-21 11:00:00,158.44264615238842
2012-01-21 12:00:00,182.94564007592706
2012-01-21 13:00:00,190.89337947361355
2012-01-21 14:00:00,124.53278510364581
2012-01-21 15:00:00,124.22588774622342
2012-01-21 16:00:00,171.15671362527635
2012-01-21 17:00:00,132.30794766895366
2012-01-21 18:00:00,125.27752793672714
2012-01-21 19:00:00,99.57495980591048
2012-01-21 20:00:00,91.25984693151881
2012-01-21 21:00:00,67.17376393738445
2012-01-21 22:00:00,58.987923444796756
2012-01-21 23:00:00,54.7818046067921
2012-01-22 00:00:00,55.94382471000684
2012-01-22 01:00:00,48.507310125155186
2012-01-22 02:00:00,44.26558754511932
2012-01-22 03:00:00,21.63707090867596
2012-01-22 04:00:00,6.115202607234905
2012-01-22 05:00:00,5.3607525573036865
2012-01-22 06:00:00,6.194918418058566
2012-01-22 07:00:00,19.108426231850242
2012-01-22 08:00:00,46.81419590791064
2012-01-22 09:00:00,94.11007609945295
2012-01-22 10:00:00,136.53150762497864
2012-01-22 11:00:00,128.42690375478708
2012-01-22 12:00:00,156.14998149885167
2012-01-22 13:00:00,152.63705989688512
2012-01-22 14:00:00,148.89417787090443
2012-01-22 15:00:00,150.42650430197108
2012-01-22 16:00:00,148.09077750842516
2012-01-22 17:00:00,117.07723900462425
2012-01-22 18:00:00,104.4463137708909
2012-01-22 19:00:00,97.0870710345678
2012-01-22 20:00:00,84.22644584077109
2012-01-22 21:00:00,61.33310885449174
2012-01-22 22:00:00,56.31619064889837
2012-01-22 23:00:00,40.48209382088502
2012-01-23 00:00:00,15.68970020057289
2012-01-23 01:00:00,6.462709925177303
2012-01-23 02:00:00,4.489565040308511
2012-01-23 03:00:00,4.197747245684107
2012-01-23 04:00:00,4.305562668055894
2012-01-23 05:00:00,19.589847434706076
2012-01-23 06:00:00,76.93498811697181
2012-01-23 07:00:00,135.00320083167895
2012-01-23 08:00:00,151.29936184474303
2012-01-23 09:00:00,212.90017663408855
2012-01-23 10:00:00,90.19710046089486
2012-01-23 11:00:00,89.01134978724832
2012-01-23 12:00:00,94.55417699893059
2012-01-23 13:00:00,58.25678012557153
2012-01-23 14:00:00,55.30123394217482
2012-01-23 15:00:00,95.80186350019603
2012-01-23 16:00:00,115.7905055220222
2012-01-23 17:00:00,162.67717470623128
2012-01-23 18:00:00,175.03906696747202
2012-01-23 19:00:00,162.1100810906915
2012-01-23 20:00:00,124.42052594806478
2012-01-23 21:00:00,91.12299313154739
2012-01-23 22:00:00,75.98820960943753
2012-01-23 23:00:00,44.866790487893454
2012-01-24 00:00:00,9.765253078207259
2012-01-24 01:00:00,5.3107908865361
2012-01-24 02:00:00,5.599344370294983
2012-01-24 03:00:00,3.4469194860806898
2012-01-24 04:00:00,3.7342755435037724
2012-01-24 05:00:00,19.71119819730861
2012-01-24 06:00:00,79.3181429343983
2012-01-24 07:00:00,206.1142058149039
2012-01-24 08:00:00,348.85486728916396
2012-01-24 09:00:00,195.5869247800742
2012-01-24 10:00:00,86.96407953863881
2012-01-24 11:00:00,88.28161665900465
2012-01-24 12:00:00,94.9909161399385
2012-01-24 13:00:00,94.48971593182107
2012-01-24 14:00:00,121.50252180288629
2012-01-24 15:00:00,134.00879420760182
2012-01-24 16:00:00,213.7858940931112
2012-01-24 17:00:00,424.2898673202244
2012-01-24 18:00:00,391.4684009496425
2012-01-24 19:00:00,293.77537977327125
2012-01-24 20:00:00,163.22164886055484
2012-01-24 21:00:00,141.75814863060555
2012-01-24 22:00:00,104.50775810366092
2012-01-24 23:00:00,50.384597059375
2012-01-25 00:00:00,9.629192195850447
2012-01-25 01:00:00,7.752955731509644
2012-01-25 02:00:00,5.437819124590644
2012-01-25 03:00:00,4.006958095730802
2012-01-25 04:00:00,3.3566942781274065
2012-01-25 05:00:00,20.33625897317248
2012-01-25 06:00:00,77.9713048557129
2012-01-25 07:00:00,224.18508516324368
2012-01-25 08:00:00,459.2520389698173
2012-01-25 09:00:00,224.07643509261635
2012-01-25 10:00:00,109.86418944900251
2012-01-25 11:00:00,115.2427517515127
2012-01-25 12:00:00,128.5966750119931
2012-01-25 13:00:00,132.8153661569377
2012-01-25 14:00:00,125.46329966575037
2012-01-25 15:00:00,135.96389942734018
2012-01-25 16:00:00,196.57794507102895
2012-01-25 17:00:00,355.4034143559887
2012-01-25 18:00:00,280.9626313463374
2012-01-25 19:00:00,244.76683693306532
2012-01-25 20:00:00,178.0862582023493
2012-01-25 21:00:00,127.13293976265288
2012-01-25 22:00:00,100.9221651223897
2012-01-25 23:00:00,54.26727405452742
2012-01-26 00:00:00,21.549088804427083
2012-01-26 01:00:00,7.548516246839046
2012-01-26 02:00:00,6.732463418389165
2012-01-26 03:00:00,3.820662773417668
2012-01-26 04:00:00,4.125810270664138
2012-01-26 05:00:00,21.743752528056508
2012-01-26 06:00:00,79.61915175793374
2012-01-26 07:00:00,230.70029328810614
2012-01-26 08:00:00,464.6616542664073
2012-01-26 09:00:00,220.6654121706522
2012-01-26 10:00:00,109.5621223326794
2012-01-26 11:00:00,106.15298709914939
2012-01-26 12:00:00,135.39638153269775
2012-01-26 13:00:00,144.36455354085382
2012-01-26 14:00:00,146.81030580240892
2012-01-26 15:00:00,153.68429340304436
2012-01-26 16:00:00,211.52830866543133
2012-01-26 17:00:00,397.6083490875284
2012-01-26 18:00:00,393.1604948392537
2012-01-26 19:00:00,275.96780161383884
2012-01-26 20:00:00,195.43385319342752
2012-01-26 21:00:00,153.14335910274724
2012-01-26 22:00:00,125.08585570433486
2012-01-26 23:00:00,71.6788879636272
2012-01-27 00:00:00,39.50132968744156
2012-01-27 01:00:00,13.325170280869115
2012-01-27 02:00:00,7.896864081784874
2012-01-27 03:00:00,4.30865149233232
2012-01-27 04:00:00,3.6275416322268685
2012-01-27 05:00:00,21.58564895006318
2012-01-27 06:00:00,87.47026670588325
2012-01-27 07:00:00,242.17574143146385
2012-01-27 08:00:00,186.01267797692148
2012-01-27 09:00:00,145.84095626816165
2012-01-27 10:00:00,116.91893640663332
2012-01-27 11:00:00,191.8075580525164
2012-01-27 12:00:00,208.1716890204215
2012-01-27 13:00:00,199.1860496370213
2012-01-27 14:00:00,193.71084995049233
2012-01-27 15:00:00,198.22637232564566
2012-01-27 16:00:00,271.05316255944604
2012-01-27 17:00:00,423.77753546409576
2012-01-27 18:00:00,380.57347567353764
2012-01-27 19:00:00,266.7839832008153
2012-01-27 20:00:00,169.52795336651636
2012-01-27 21:00:00,139.89888953894854
2012-01-27 22:00:00,108.50092248751767
2012-01-27 23:00:00,69.52461682763379
2012-01-28 00:00:00,64.83094563073944
2012-01-28 01:00:00,51.36065940966469
2012-01-28 02:00:00,42.6795168380206
2012-01-28 03:00:00,23.556082804157732
2012-01-28 04:00:00,7.11003938591629
2012-01-28 05:00:00,4.721285109586724
2012-01-28 06:00:00,7.56875077182979
2012-01-28 07:00:00,33.32127289853329
2012-01-28 08:00:00,88.3494544134887
2012-01-28 09:00:00,121.1296088987789
2012-01-28 10:00:00,171.1228444717075
2012-01-28 11:00:00,205.2558296721317
2012-01-28 12:00:00,212.67073567731006
2012-01-28 13:00:00,268.46005774706305
2012-01-28 14:00:00,283.5241763713784
2012-01-28 15:00:00,306.9326334126403
2012-01-28 16:00:00,341.12315811414436
2012-01-28 17:00:00,303.9003215689225
2012-01-28 18:00:00,280.1852435197827
2012-01-28 19:00:00,216.77744775051895
2012-01-28 20:00:00,153.23288949554274
2012-01-28 21:00:00,119.31980674021776
2012-01-28 22:00:00,101.82150834362294
2012-01-28 23:00:00,75.4667523768809
2012-01-29 00:00:00,69.23170268936812
2012-01-29 01:00:00,61.38236628379482
2012-01-29 02:00:00,44.83305681212013
2012-01-29 03:00:00,23.7528315488989
2012-01-29 04:00:00,6.256455850116849
2012-01-29 05:00:00,5.41165562069522
2012-01-29 06:00:00,5.5356854661200625
2012-01-29 07:00:00,22.280672613461736
2012-01-29 08:00:00,59.0961835978633
2012-01-29 09:00:00,89.68002495327954
2012-01-29 10:00:00,146.84208150282697
2012-01-29 11:00:00,201.29947757079114
2012-01-29 12:00:00,255.49327254357863
2012-01-29 13:00:00,256.4834857771303
2012-01-29 14:00:00,248.64103130998453
2012-01-29 15:00:00,298.58115264458587
2012-01-29 16:00:00,277.94473861228903
2012-01-29 17:00:00,251.02627702977523
2012-01-29 18:00:00,216.96291431422114
2012-01-29 19:00:00,140.4388835868848
2012-01-29 20:00:00,107.1849460258813
2012-01-29 21:00:00,88.69133162968171
2012-01-29 22:00:00,82.23383966821491
2012-01-29 23:00:00,37.57850812196362
2012-01-30 00:00:00,18.813883777525465
2012-01-30 01:00:00,3.8961925736412133
2012-01-30 02:00:00,4.785689540682909
2012-01-30 03:00:00,3.499423830276499
2012-01-30 04:00:00,3.3611248801427047
2012-01-30 05:00:00,18.704486025833674
2012-01-30 06:00:00,81.52622225461059
2012-01-30 07:00:00,209.10812445329464
2012-01-30 08:00:00,364.55181700319764
2012-01-30 09:00:00,194.31762575947735
2012-01-30 10:00:00,101.35604799599342
2012-01-30 11:00:00,109.25851888852962
2012-01-30 12:00:00,123.71576238944334
2012-01-30 13:00:00,124.44336535410125
2012-01-30 14:00:00,125.3413343661511
2012-01-30 15:00:00,129.14217079370962
2012-01-30 16:00:00,207.0456210190151
2012-01-30 17:00:00,391.1047036796565
2012-01-30 18:00:00,378.40624610316917
2012-01-30 19:00:00,235.62137164665646
2012-01-30 20:00:00,183.8856098479014
2012-01-30 21:00:00,125.4221019817238
2012-01-30 22:00:00,86.60901584107751
2012-01-30 23:00:00,47.26785861607204
2012-01-31 00:00:00,16.994333605047796
2012-01-31 01:00:00,5.752400817312373
2012-01-31 02:00:00,5.158933971585334
2012-01-31 03:00:00,3.4739906479394618
2012-01-31 04:00:00,3.3533118068285
2012-01-31 05:00:00,18.4687621011339
2012-01-31 06:00:00,87.38660333488066
2012-01-31 07:00:00,224.17303377638015
2012-01-31 08:00:00,461.65499643437164
2012-01-31 09:00:00,209.1473962521228
2012-01-31 10:00:00,112.27670480601833
2012-01-31 11:00:00,121.79928630506492
2012-01-31 12:00:00,140.46147322999664
2012-01-31 13:00:00,181.15207161520627
2012-01-31 14:00:00,169.3247431231564
2012-01-31 15:00:00,186.90140868103185
2012-01-31 16:00:00,301.5039999397016
2012-01-31 17:00:00,447.6330405047263
2012-01-31 18:00:00,439.1043299830148
2012-01-31 19:00:00,328.2075643771192
2012-01-31 20:00:00,193.71525143748838
2012-01-31 21:00:00,188.88648256313422
2012-01-31 22:00:00,113.65436691890739
2012-01-31 23:00:00,70.32751089691382
2012-02-20 00:00:00,29.405103006281756
2012-02-20 01:00:00,25.340389945033095
2012-02-20 02:00:00,11.376439200229914
2012-02-20 03:00:00,5.074593041573932
2012-02-20 05:00:00,5.823949173573043
2012-02-20 06:00:00,12.471719478530755
2012-02-20 07:00:00,25.41300513456508
2012-02-20 08:00:00,87.26167862983549
2012-02-20 09:00:00,111.17167493636097
2012-02-20 10:00:00,155.12934731246767
2012-02-20 11:00:00,178.16866096473763
2012-02-20 12:00:00,212.4740727315402
2012-02-20 13:00:00,208.74346804358018
2012-02-20 14:00:00,224.84646452376168
2012-02-20 15:00:00,235.74510614931668
2012-02-20 16:00:00,248.4774385970205
2012-02-20 17:00:00,380.105192679477
2012-02-20 18:00:00,279.2351860023669
2012-02-20 19:00:00,196.91301308852476
2012-02-20 20:00:00,165.15800655126196
2012-02-20 21:00:00,89.39195493369648
2012-02-20 22:00:00,77.22073872425369
2012-02-20 23:00:00,45.11478036583071
2012-02-21 00:00:00,18.93023755990312
2012-02-21 01:00:00,6.437269023721847
2012-02-21 02:00:00,4.1925752549795305
2012-02-21 04:00:00,2.9007106358599426
2012-02-21 05:00:00,20.864097592806697
2012-02-21 06:00:00,76.57343928209897
2012-02-21 07:00:00,260.704489887396
2012-02-21 08:00:00,474.3193453048811
2012-02-21 09:00:00,248.62716397196456
2012-02-21 10:00:00,110.93508617655954
2012-02-21 11:00:00,111.70500480526435
2012-02-21 12:00:00,136.86161261397496
2012-02-21 13:00:00,149.36388320791923
2012-02-21 14:00:00,144.26323094815785
2012-02-21 15:00:00,148.13870474225163
2012-02-21 16:00:00,225.99723380753403
2012-02-21 17:00:00,433.08517691980927
2012-02-21 18:00:00,425.38980823080783
2012-02-21 19:00:00,283.4222709243208
2012-02-21 20:00:00,197.95383892375736
2012-02-21 21:00:00,173.28244451299048
2012-02-21 22:00:00,100.75561956367471
2012-02-21 23:00:00,53.93288845970694
2012-02-22 00:00:00,23.177088749555498
2012-02-22 01:00:00,9.200172688348294
2012-02-22 02:00:00,4.667871094925224
2012-02-22 03:00:00,3.32689001933334
2012-02-22 04:00:00,2.880732348562928
2012-02-22 05:00:00,21.723581129071146
2012-02-22 06:00:00,81.01030754212495
2012-02-22 07:00:00,283.03284512004916
2012-02-22 08:00:00,490.62412457931134
2012-02-22 09:00:00,248.5131045188743
2012-02-22 10:00:00,119.4710488257679
2012-02-22 11:00:00,138.7369505115283
2012-02-22 12:00:00,154.5809400641801
2012-02-22 13:00:00,163.56339617265294
2012-02-22 14:00:00,153.98631404052102
2012-02-22 15:00:00,188.726540387924
2012-02-22 16:00:00,300.2121737909927
2012-02-22 17:00:00,473.37221189992454
2012-02-22 18:00:00,432.83827247104045
2012-02-22 19:00:00,311.1800885180087
2012-02-22 20:00:00,207.44767965785502
2012-02-22 21:00:00,196.44314843046547
2012-02-22 22:00:00,116.70855410664495
2012-02-22 23:00:00,79.07470660810708
2012-02-23 00:00:00,33.71464532888363
2012-02-23 01:00:00,9.62779715348946
2012-02-23 02:00:00,8.590434767830732
2012-02-23 03:00:00,3.4888560334359506
2012-02-23 04:00:00,3.6955331609368516
2012-02-23 05:00:00,22.196662565913556
2012-02-23 06:00:00,84.00148138502179
2012-02-23 07:00:00,265.59213568239636
2012-02-23 08:00:00,377.4067785305745
2012-02-23 09:00:00,232.9490978182689
2012-02-23 10:00:00,147.2412235886568
2012-02-23 11:00:00,173.6108632446622
2012-02-23 12:00:00,190.82046322190334
2012-02-23 13:00:00,188.35716860440377
2012-02-23 14:00:00,190.44693590192756
2012-02-23 15:00:00,199.68976465955993
2012-02-23 16:00:00,316.1319111639381
2012-02-23 17:00:00,484.31772036417533
2012-02-23 18:00:00,470.2582589785392
2012-02-23 19:00:00,330.10279809728155
2012-02-23 20:00:00,233.57408460923014
2012-02-23 21:00:00,175.81481267070293
2012-02-23 22:00:00,129.4182921651049
2012-02-23 23:00:00,100.37958488871254
2012-02-24 00:00:00,43.69556391576319
2012-02-24 01:00:00,17.611213688875765
2012-02-24 02:00:00,7.778271577348903
2012-02-24 03:00:00,5.322364746028699
2012-02-24 04:00:00,4.109021686876948
2012-02-24 05:00:00,20.627074515269616
2012-02-24 06:00:00,81.93433352432535
2012-02-24 07:00:00,269.86178795933677
2012-02-24 08:00:00,354.9603237048692
2012-02-24 09:00:00,141.86024951020997
2012-02-24 10:00:00,97.69649390056351
2012-02-24 11:00:00,146.43751115132326
2012-02-24 12:00:00,180.14676004738584
2012-02-24 13:00:00,181.0684310984923
2012-02-24 14:00:00,189.1919914731315
2012-02-24 15:00:00,127.29009876152561
2012-02-24 16:00:00,137.6718954049617
2012-02-24 17:00:00,176.43296954303125
2012-02-24 18:00:00,365.8906675688423
2012-02-24 19:00:00,282.4383693956289
2012-02-24 20:00:00,167.68211153697203
2012-02-24 21:00:00,146.6681595347933
2012-02-24 22:00:00,117.57721545424221
2012-02-24 23:00:00,84.83181002549892
2012-02-25 00:00:00,61.69804414796338
2012-02-25 01:00:00,68.73292838503514
2012-02-25 02:00:00,42.882151967646834
2012-02-25 03:00:00,16.975054934379994
2012-02-25 04:00:00,5.084484586350637
2012-02-25 05:00:00,4.250943453544657
2012-02-25 06:00:00,7.812817092977425
2012-02-25 07:00:00,25.723919739020875
2012-02-25 08:00:00,69.16066602150323
2012-02-25 09:00:00,103.89034188585977
2012-02-25 10:00:00,184.51696541980212
2012-02-25 11:00:00,210.6374963781683
2012-02-25 12:00:00,276.648690696282
2012-02-25 13:00:00,281.5751290814912
2012-02-25 14:00:00,273.18424943090423
2012-02-25 15:00:00,276.1148051394558
2012-02-25 16:00:00,245.3246321927829
2012-02-25 17:00:00,183.24498938928468
2012-02-25 18:00:00,155.8080777817958
2012-02-25 19:00:00,113.03620731769192
2012-02-25 20:00:00,94.88766025541301
2012-02-25 21:00:00,78.5391422416749
2012-02-25 22:00:00,78.81274985286373
2012-02-25 23:00:00,56.998702896627556
2012-02-26 00:00:00,66.0750845525773
2012-02-26 01:00:00,57.895627148300086
2012-02-26 02:00:00,47.03258863861606
2012-02-26 03:00:00,22.24502368820337
2012-02-26 04:00:00,5.694484585881523
2012-02-26 05:00:00,4.894701358253793
2012-02-26 06:00:00,6.199999476236739
2012-02-26 07:00:00,19.194501167226946
2012-02-26 08:00:00,56.99495938325213
2012-02-26 09:00:00,94.71633376411778
2012-02-26 10:00:00,182.48601278322266
2012-02-26 11:00:00,216.97500036408658
2012-02-26 12:00:00,246.15820419650373
2012-02-26 13:00:00,265.8373710891521
2012-02-26 14:00:00,288.8914030528566
2012-02-26 15:00:00,312.52891919445204
2012-02-26 16:00:00,294.8173999750535
2012-02-26 17:00:00,260.3625682124056
2012-02-26 18:00:00,214.95157684762987
2012-02-26 19:00:00,163.41486350547072
2012-02-26 20:00:00,110.5568271055769
2012-02-26 21:00:00,91.04140685283924
2012-02-26 22:00:00,86.94590969168934
2012-02-26 23:00:00,38.05509405923555
2012-02-27 00:00:00,16.503546105681412
2012-02-27 01:00:00,6.383799597156165
2012-02-27 02:00:00,4.255414790268433
2012-02-27 03:00:00,3.073829586511454
2012-02-27 04:00:00,2.9283083639487377
2012-02-27 05:00:00,19.360169920241287
2012-02-27 06:00:00,86.55977208711683
2012-02-27 07:00:00,256.28739263724816
2012-02-27 08:00:00,450.5688431481943
2012-02-27 09:00:00,235.23698692830897
2012-02-27 10:00:00,123.13805895552409
2012-02-27 11:00:00,141.56415517077153
2012-02-27 12:00:00,156.05523299136198
2012-02-27 13:00:00,161.59453669417778
2012-02-27 14:00:00,168.98677478506698
2012-02-27 15:00:00,187.0158954499495
2012-02-27 16:00:00,301.65938754843063
2012-02-27 17:00:00,487.63426534682645
2012-02-27 18:00:00,467.5268213245666
2012-02-27 19:00:00,338.88808884052116
2012-02-27 20:00:00,233.92908010651576
2012-02-27 21:00:00,190.79641292521967
2012-02-27 22:00:00,114.35036159739236
2012-02-27 23:00:00,67.67741820293806
2012-02-28 00:00:00,27.414237936489855
2012-02-28 01:00:00,9.71448827301613
2012-02-28 02:00:00,7.735533489331319
2012-02-28 03:00:00,3.5129508905738898
2012-02-28 04:00:00,3.1272000422700117
2012-02-28 05:00:00,19.4749099051964
2012-02-28 06:00:00,91.55610227208763
2012-02-28 07:00:00,258.3134410961467
2012-02-28 08:00:00,442.66117533932464
2012-02-28 09:00:00,234.1513073020956
2012-02-28 10:00:00,117.59620286110102
2012-02-28 11:00:00,131.0339754512628
2012-02-28 12:00:00,150.09438932737615
2012-02-28 13:00:00,150.44451681414893
2012-02-28 14:00:00,142.85090881324987
2012-02-28 15:00:00,155.6537483336981
2012-02-28 16:00:00,255.5298716292235
2012-02-28 17:00:00,494.0412950208695
2012-02-28 18:00:00,486.7061527544708
2012-02-28 19:00:00,285.59576245590836
2012-02-28 20:00:00,199.11644091966826
2012-02-28 21:00:00,151.22856458724152
2012-02-28 22:00:00,107.3757666982352
2012-02-28 23:00:00,55.381951657272985
2012-02-29 00:00:00,23.742323536846325
2012-02-29 01:00:00,7.874641684980824
2012-02-29 02:00:00,5.0709618602975475
2012-02-29 03:00:00,2.8909819327200736
2012-02-29 05:00:00,21.510758929655665
2012-02-29 06:00:00,80.13832783775344
2012-02-29 07:00:00,262.6300758331118
2012-02-29 08:00:00,489.054149048285
2012-02-29 09:00:00,102.8398925243154
2012-02-29 10:00:00,57.10219042447458
2012-02-29 11:00:00,60.57305065838093
2012-02-29 12:00:00,65.55909707973423
2012-02-29 13:00:00,111.86688476611445
2012-02-29 14:00:00,109.78914661197787
2012-02-29 15:00:00,141.2593199821015
2012-02-29 16:00:00,126.81998796335637
2012-02-29 17:00:00,329.87131141202264
2012-02-29 18:00:00,242.46569006935763
2012-02-29 19:00:00,266.3441930148237
2012-02-29 20:00:00,115.03508036834981
2012-02-29 21:00:00,86.81514585176488
2012-02-29 22:00:00,62.79000552208242
2012-02-29 23:00:00,40.94270955204222
2012-03-20 00:00:00,27.041696770970177
2012-03-20 01:00:00,16.126841071049167
2012-03-20 02:00:00,5.1732692307096855
2012-03-20 03:00:00,4.094324568874035
2012-03-20 04:00:00,3.946826180176058
2012-03-20 05:00:00,24.61943591772125
2012-03-20 06:00:00,119.46187033731769
2012-03-20 07:00:00,138.67911603527918
2012-03-20 08:00:00,528.4563935140225
2012-03-20 09:00:00,337.2702547522681
2012-03-20 10:00:00,153.1229280723709
2012-03-20 11:00:00,160.71825700116963
2012-03-20 12:00:00,213.6282320688299
2012-03-20 13:00:00,221.00241524416097
2012-03-20 14:00:00,216.8190659863458
2012-03-20 15:00:00,248.8600192647872
2012-03-20 16:00:00,320.59265627318564
2012-03-20 17:00:00,611.4889342726424
2012-03-20 18:00:00,636.8820237450864
2012-03-20 19:00:00,498.78667224645426
2012-03-20 20:00:00,334.70834658783673
2012-03-20 21:00:00,237.72753826359653
2012-03-20 22:00:00,163.00673363941533
2012-03-20 23:00:00,78.65794022858815
2012-03-21 00:00:00,32.388122811162205
2012-03-21 01:00:00,16.729349380259222
2012-03-21 02:00:00,6.296109942577824
2012-03-21 03:00:00,4.542094377822717
2012-03-21 04:00:00,4.708424864853831
2012-03-21 05:00:00,24.05117144338453
2012-03-21 06:00:00,122.64718876635389
2012-03-21 07:00:00,190.189088721703
2012-03-21 08:00:00,221.81134474966288
2012-03-21 09:00:00,332.76970933301624
2012-03-21 10:00:00,159.63505780315472
2012-03-21 11:00:00,153.91970071679629
2012-03-21 12:00:00,227.8228769924432
2012-03-21 13:00:00,219.21753849857458
2012-03-21 14:00:00,215.6548542287706
2012-03-21 15:00:00,221.43701546677588
2012-03-21 16:00:00,327.3905826492645
2012-03-21 17:00:00,657.6594804932822
2012-03-21 18:00:00,623.9540538020661
2012-03-21 19:00:00,519.8277750163048
2012-03-21 20:00:00,322.19338963174516
2012-03-21 21:00:00,233.96686936212575
2012-03-21 22:00:00,185.81798932490764
2012-03-21 23:00:00,103.67972107419473
2012-03-22 00:00:00,43.3142454946967
2012-03-22 01:00:00,18.176748152245015
2012-03-22 02:00:00,7.817682070833611
2012-03-22 03:00:00,6.235749011804178
2012-03-22 04:00:00,4.567737641727279
2012-03-22 05:00:00,23.807632292182095
2012-03-22 06:00:00,123.85514543877238
2012-03-22 07:00:00,298.18030384245174
2012-03-22 08:00:00,534.4956478153183
2012-03-22 09:00:00,308.57435861549925
2012-03-22 10:00:00,160.02560129153343
2012-03-22 11:00:00,146.19841066498438
2012-03-22 12:00:00,179.68834695277997
2012-03-22 13:00:00,232.8980109375579
2012-03-22 14:00:00,234.36165268495526
2012-03-22 15:00:00,247.0899219623202
2012-03-22 16:00:00,365.39671004872145
2012-03-22 17:00:00,682.1992653614745
2012-03-22 18:00:00,673.5649032455264
2012-03-22 19:00:00,511.2737823762643
2012-03-22 20:00:00,378.6768712811803
2012-03-22 21:00:00,254.59172619311036
2012-03-22 22:00:00,189.44823249041042
2012-03-22 23:00:00,116.6734142477658
2012-03-23 00:00:00,54.37150767510723
2012-03-23 01:00:00,22.1692819919946
2012-03-23 02:00:00,8.81724262545455
2012-03-23 03:00:00,6.815805159192369
2012-03-23 04:00:00,5.370753139641434
2012-03-23 05:00:00,24.76097493112598
2012-03-23 06:00:00,120.30476549816233
2012-03-23 07:00:00,335.86044284336117
2012-03-23 08:00:00,534.2014675247731
2012-03-23 09:00:00,304.91732723653257
2012-03-23 10:00:00,202.41718280469607
2012-03-23 11:00:00,241.95780750806628
2012-03-23 12:00:00,282.55135308375094
2012-03-23 13:00:00,316.19359115402426
2012-03-23 14:00:00,313.5848575761447
2012-03-23 15:00:00,309.13027686136553
2012-03-23 16:00:00,495.1204157022428
2012-03-23 17:00:00,675.5770982814862
2012-03-23 18:00:00,666.0264078091955
2012-03-23 19:00:00,467.14480346372045
2012-03-23 20:00:00,342.29106001523877
2012-03-23 21:00:00,268.5215996298943
2012-03-23 22:00:00,203.64103204627176
2012-03-23 23:00:00,158.43885884563346
2012-03-24 00:00:00,97.28457267273174
2012-03-24 01:00:00,100.85643883245665
2012-03-24 02:00:00,49.85912097636391
2012-03-24 03:00:00,27.600699825847347
2012-03-24 04:00:00,9.818940244827592
2012-03-24 05:00:00,8.46990596321781
2012-03-24 06:00:00,30.589217001222508
2012-03-24 07:00:00,101.15558322854388
2012-03-24 08:00:00,223.09837752945265
2012-03-24 09:00:00,285.8409952868495
2012-03-24 10:00:00,365.91425769771877
2012-03-24 11:00:00,455.0273713826728
2012-03-24 12:00:00,124.23257671246976
2012-03-24 13:00:00,124.41254769894422
2012-03-24 14:00:00,136.4278620306516
2012-03-24 15:00:00,140.53490480548265
2012-03-24 16:00:00,119.22288986868708
2012-03-24 17:00:00,139.43104687320823
2012-03-24 18:00:00,138.25238343535298
2012-03-24 19:00:00,133.5388348591275
2012-03-24 20:00:00,92.58354600450588
2012-03-24 21:00:00,81.25779186755979
2012-03-24 22:00:00,66.62561527116411
2012-03-24 23:00:00,95.06044135659634
2012-03-25 00:00:00,88.04269271823318
2012-03-25 01:00:00,76.01818845441244
2012-03-25 02:00:00,49.09859377331542
2012-03-25 03:00:00,17.580312803011953
2012-03-25 04:00:00,8.333635027534163
2012-03-25 05:00:00,8.584668606365485
2012-03-25 06:00:00,17.6253366351325
2012-03-25 07:00:00,61.10627256770329
2012-03-25 08:00:00,112.39124555615854
2012-03-25 09:00:00,158.4115703829701
2012-03-25 10:00:00,241.2560828139838
2012-03-25 11:00:00,260.9440507185865
2012-03-25 12:00:00,295.8700089334573
2012-03-25 13:00:00,362.53438659068235
2012-03-25 14:00:00,379.90257317872306
2012-03-25 15:00:00,364.13767825497547
2012-03-25 16:00:00,389.9416824622548
2012-03-25 17:00:00,443.4901074148245
2012-03-25 18:00:00,375.85501060451224
2012-03-25 19:00:00,305.537658689896
2012-03-25 20:00:00,207.53807840018217
2012-03-25 21:00:00,157.64571731027607
2012-03-25 22:00:00,101.4392487791661
2012-03-25 23:00:00,60.82946755395215
2012-03-26 00:00:00,25.3314794204577
2012-03-26 01:00:00,13.61081022728107
2012-03-26 02:00:00,7.632051932013302
2012-03-26 03:00:00,3.918597340168853
2012-03-26 04:00:00,4.241266346264938
2012-03-26 05:00:00,26.85621480949235
2012-03-26 06:00:00,116.13901540380924
2012-03-26 07:00:00,365.08799268762215
2012-03-26 08:00:00,591.530370948724
2012-03-26 09:00:00,305.04776661232466
2012-03-26 10:00:00,176.1123108978991
2012-03-26 11:00:00,211.61465403024224
2012-03-26 12:00:00,240.57182107866615
2012-03-26 13:00:00,236.63477908555785
2012-03-26 14:00:00,233.00385313592156
2012-03-26 15:00:00,235.4785386214378
2012-03-26 16:00:00,333.63948346237163
2012-03-26 17:00:00,555.0205464634887
2012-03-26 18:00:00,530.417637401811
2012-03-26 19:00:00,352.1018831619881
2012-03-26 20:00:00,232.90702414208428
2012-03-26 21:00:00,185.07601160940996
2012-03-26 22:00:00,111.71374636213496
2012-03-26 23:00:00,59.084343228250425
2012-03-27 00:00:00,22.28448261098623
2012-03-27 01:00:00,7.708708128005822
2012-03-27 02:00:00,4.72764306748828
2012-03-27 03:00:00,3.570808917125001
2012-03-27 04:00:00,3.103500032175955
2012-03-27 05:00:00,23.547252528016383
2012-03-27 06:00:00,99.4907327356977
2012-03-27 07:00:00,285.4758750434549
2012-03-27 08:00:00,466.4638572022511
2012-03-27 09:00:00,269.41411901822096
2012-03-27 10:00:00,144.93078613847933
2012-03-27 11:00:00,156.5649241220111
2012-03-27 12:00:00,177.2087633420392
2012-03-27 13:00:00,186.2989825884728
2012-03-27 14:00:00,184.33526102848208
2012-03-27 15:00:00,205.4180979133707
2012-03-27 16:00:00,302.9945637919162
2012-03-27 17:00:00,535.5996044966279
2012-03-27 18:00:00,517.8527013175761
2012-03-27 19:00:00,361.34686627040765
2012-03-27 20:00:00,249.96166608231476
2012-03-27 21:00:00,169.12499576664734
2012-03-27 22:00:00,119.23832383568161
2012-03-27 23:00:00,65.78837661065039
2012-03-28 00:00:00,26.017200983653044
2012-03-28 01:00:00,10.410013376758476
2012-03-28 02:00:00,5.453400788967696
2012-03-28 03:00:00,3.769840345401462
2012-03-28 04:00:00,2.824887741905869
2012-03-28 05:00:00,25.96608267845976
2012-03-28 06:00:00,112.84507052172533
2012-03-28 07:00:00,314.55904836091383
2012-03-28 08:00:00,549.518278169847
2012-03-28 09:00:00,326.77744330635846
2012-03-28 10:00:00,175.03321897795232
2012-03-28 11:00:00,210.26636530304043
2012-03-28 12:00:00,254.7474956563724
2012-03-28 13:00:00,245.87688724162652
2012-03-28 14:00:00,236.31047285493236
2012-03-28 15:00:00,242.38377721789294
2012-03-28 16:00:00,234.7517794328318
2012-03-28 17:00:00,688.268822078282
2012-03-28 18:00:00,681.0773087132164
2012-03-28 19:00:00,510.2518691022487
2012-03-28 20:00:00,363.5443589378468
2012-03-28 21:00:00,259.406455705857
2012-03-28 22:00:00,197.17072032900478
2012-03-28 23:00:00,103.60787499413307
2012-03-29 00:00:00,45.75699947138649
2012-03-29 01:00:00,19.786589694736154
2012-03-29 02:00:00,9.803701123100408
2012-03-29 03:00:00,6.159105534618286
2012-03-29 04:00:00,6.644981398488783
2012-03-29 05:00:00,27.620824327864792
2012-03-29 06:00:00,123.70059117648032
2012-03-29 07:00:00,376.79252473578083
2012-03-29 08:00:00,590.0534519439328
2012-03-29 09:00:00,334.29141927270103
2012-03-29 10:00:00,168.03653812603451
2012-03-29 11:00:00,210.65790454592118
2012-03-29 12:00:00,233.355614551161
2012-03-29 13:00:00,230.3602447896841
2012-03-29 14:00:00,217.82011343884497
2012-03-29 15:00:00,228.22499718120108
2012-03-29 16:00:00,371.2561085921932
2012-03-29 17:00:00,622.5244191090613
2012-03-29 18:00:00,600.6977883478079
2012-03-29 19:00:00,390.7467257911893
2012-03-29 20:00:00,268.7169632752045
2012-03-29 21:00:00,200.652849539558
2012-03-29 22:00:00,143.89336209222603
2012-03-29 23:00:00,92.74422298894987
2012-03-30 00:00:00,50.0829280188928
2012-03-30 01:00:00,24.430040006641377
2012-03-30 02:00:00,9.294067497371403
2012-03-30 03:00:00,7.356955089622244
2012-03-30 04:00:00,5.387020133980176
2012-03-30 05:00:00,23.62696509190737
2012-03-30 06:00:00,90.0824290839569
2012-03-30 07:00:00,286.68890410156575
2012-03-30 08:00:00,549.1583340885559
2012-03-30 09:00:00,307.9252487816938
2012-03-30 10:00:00,170.59249918434412
2012-03-30 11:00:00,185.72898774803673
2012-03-30 12:00:00,236.01362189097603
2012-03-30 13:00:00,119.66353911612431
2012-03-30 14:00:00,108.31319957237054
2012-03-30 15:00:00,110.28989145240207
2012-03-30 16:00:00,111.28310102565284
2012-03-30 17:00:00,437.5117477990494
2012-03-30 18:00:00,509.4702750727177
2012-03-30 19:00:00,335.18015635271286
2012-03-30 20:00:00,210.92679209994708
2012-03-30 21:00:00,174.24860595891542
2012-03-30 22:00:00,137.29866039517316
2012-03-30 23:00:00,90.81947449032957
2012-03-31 00:00:00,82.99662467515293
2012-03-31 01:00:00,71.24923964410341
2012-03-31 02:00:00,45.6653153364819
2012-03-31 03:00:00,21.991655792477314
2012-03-31 04:00:00,8.054802892225547
2012-03-31 05:00:00,8.779058775396978
2012-03-31 06:00:00,21.676247410256295
2012-03-31 07:00:00,53.38505497062857
2012-03-31 08:00:00,124.47792839044057
2012-03-31 09:00:00,236.06733426788284
2012-03-31 10:00:00,286.5582574629257
2012-03-31 11:00:00,457.95589783304763
2012-03-31 12:00:00,490.88657474494465
2012-03-31 13:00:00,599.718320414602
2012-03-31 14:00:00,542.2329448095722
2012-03-31 15:00:00,548.1737903821876
2012-03-31 16:00:00,487.0163384343383
2012-03-31 17:00:00,412.3945137948954
2012-03-31 18:00:00,297.5267864573724
2012-03-31 19:00:00,259.2585342236539
2012-03-31 20:00:00,164.22103269269812
2012-03-31 21:00:00,146.24941035700303
2012-03-31 22:00:00,128.6718372839602
2012-03-31 23:00:00,80.65432351389354
2012-04-20 00:00:00,58.818482202448585
2012-04-20 01:00:00,26.95750881904634
2012-04-20 02:00:00,8.573970199995609
2012-04-20 03:00:00,6.41759082714612
2012-04-20 04:00:00,5.159439810773921
2012-04-20 05:00:00,27.87077606363565
2012-04-20 06:00:00,112.7014701904172
2012-04-20 07:00:00,334.39434683202376
2012-04-20 08:00:00,565.4586182596993
2012-04-20 09:00:00,308.1878367822462
2012-04-20 10:00:00,204.77993415518438
2012-04-20 11:00:00,268.55681200332435
2012-04-20 12:00:00,362.78807343375104
2012-04-20 13:00:00,375.78360986838845
2012-04-20 14:00:00,374.2579303361971
2012-04-20 15:00:00,381.54011177474746
2012-04-20 16:00:00,529.1264232488096
2012-04-20 17:00:00,685.1757366712118
2012-04-20 18:00:00,664.9754459492378
2012-04-20 19:00:00,484.9436004068435
2012-04-20 20:00:00,332.65392309026373
2012-04-20 21:00:00,255.87799030936324
2012-04-20 22:00:00,212.17746693022747
2012-04-20 23:00:00,168.18931112222157
2012-04-21 00:00:00,109.1094262847562
2012-04-21 01:00:00,103.39992198046913
2012-04-21 02:00:00,53.78853684599536
2012-04-21 03:00:00,27.442904976851874
2012-04-21 04:00:00,10.536088669946672
2012-04-21 05:00:00,11.789478105083619
2012-04-21 06:00:00,39.36019526472049
2012-04-21 07:00:00,83.74380193397887
2012-04-21 08:00:00,211.14458200630835
2012-04-21 09:00:00,299.10691213029213
2012-04-21 10:00:00,433.8788814339687
2012-04-21 11:00:00,529.9104587966456
2012-04-21 12:00:00,582.4441750960823
2012-04-21 13:00:00,602.5451134917437
2012-04-21 14:00:00,597.1965772472676
2012-04-21 15:00:00,613.5430528856283
2012-04-21 16:00:00,594.8811959463312
2012-04-21 17:00:00,578.1192736366362
2012-04-21 18:00:00,469.73766185537954
2012-04-21 19:00:00,195.61742204877868
2012-04-21 20:00:00,75.67211787620197
2012-04-21 21:00:00,74.10772404802529
2012-04-21 22:00:00,171.59695123989707
2012-04-21 23:00:00,113.44119545834916
2012-04-22 00:00:00,108.51254811670803
2012-04-22 01:00:00,99.71550017351626
2012-04-22 02:00:00,56.37601927204415
2012-04-22 03:00:00,25.633692613219246
2012-04-22 04:00:00,12.438158301494658
2012-04-22 05:00:00,12.115358150256933
2012-04-22 06:00:00,30.62376475908392
2012-04-22 07:00:00,77.61894191316355
2012-04-22 08:00:00,85.16530064158933
2012-04-22 09:00:00,96.9183836290516
2012-04-22 10:00:00,114.69024738331883
2012-04-22 11:00:00,120.69634799668923
2012-04-22 12:00:00,129.1050245464738
2012-04-22 13:00:00,133.4126864968716
2012-04-22 14:00:00,134.3214060137913
2012-04-22 15:00:00,152.03501942824897
2012-04-22 16:00:00,153.86418063417648
2012-04-22 17:00:00,163.39317668478668
2012-04-22 18:00:00,151.29060054271287
2012-04-22 19:00:00,134.13512828376838
2012-04-22 20:00:00,106.51169230918265
2012-04-22 21:00:00,84.81927227801758
2012-04-22 22:00:00,59.660244932899225
2012-04-22 23:00:00,44.713281366353165
2012-04-23 00:00:00,19.062623298639302
2012-04-23 01:00:00,7.4664980854929315
2012-04-23 02:00:00,4.8151642848404705
2012-04-23 03:00:00,3.509187827353097
2012-04-23 04:00:00,3.2008494749973058
2012-04-23 05:00:00,17.395873481093467
2012-04-23 06:00:00,96.89421103902404
2012-04-23 07:00:00,174.86934357080054
2012-04-23 08:00:00,534.5398737972613
2012-04-23 09:00:00,273.79114153117143
2012-04-23 10:00:00,149.83014544629356
2012-04-23 11:00:00,154.39009700967847
2012-04-23 12:00:00,106.50163203624719
2012-04-23 13:00:00,113.88474785334351
2012-04-23 14:00:00,128.5988678660078
2012-04-23 15:00:00,176.25239065114818
2012-04-23 16:00:00,137.35128487463902
2012-04-23 17:00:00,230.99049213394386
2012-04-23 18:00:00,203.5593781062825
2012-04-23 19:00:00,305.3632687421444
2012-04-23 20:00:00,223.76991626363653
2012-04-23 21:00:00,151.53336184054277
2012-04-23 22:00:00,119.70096546986845
2012-04-23 23:00:00,63.81204301253382
2012-04-24 00:00:00,24.834121530578084
2012-04-24 01:00:00,10.363059106553917
2012-04-24 02:00:00,4.484571177134855
2012-04-24 03:00:00,3.417662590623588
2012-04-24 04:00:00,2.662210215820434
2012-04-24 05:00:00,24.96019729945513
2012-04-24 06:00:00,100.61183940350273
2012-04-24 07:00:00,318.2084487838588
2012-04-24 08:00:00,604.6515423688215
2012-04-24 09:00:00,330.3997209798048
2012-04-24 10:00:00,187.17656307152782
2012-04-24 11:00:00,224.41330826673357
2012-04-24 12:00:00,259.8556790387541
2012-04-24 13:00:00,258.3663304784769
2012-04-24 14:00:00,250.50010057397316
2012-04-24 15:00:00,260.61864318547396
2012-04-24 16:00:00,408.4403144646565
2012-04-24 17:00:00,641.6605755962075
2012-04-24 18:00:00,611.6344473561865
2012-04-24 19:00:00,487.013409531828
2012-04-24 20:00:00,292.96922875778
2012-04-24 21:00:00,227.51625457204085
2012-04-24 22:00:00,154.61739571711522
2012-04-24 23:00:00,80.87247239208023
2012-04-25 00:00:00,36.925591383563024
2012-04-25 01:00:00,11.827164170887443
2012-04-25 02:00:00,5.0276179286344345
2012-04-25 03:00:00,3.172035790580838
2012-04-25 04:00:00,2.5216872409345585
2012-04-25 05:00:00,27.204253560065542
2012-04-25 06:00:00,104.40346089773864
2012-04-25 07:00:00,357.6585776290638
2012-04-25 08:00:00,580.7526109567664
2012-04-25 09:00:00,346.66557008745394
2012-04-25 10:00:00,196.980126154284
2012-04-25 11:00:00,239.6491790741751
2012-04-25 12:00:00,276.1199629707985
2012-04-25 13:00:00,279.248432527155
2012-04-25 14:00:00,258.0515600211778
2012-04-25 15:00:00,290.19916729548993
2012-04-25 16:00:00,389.27430019503305
2012-04-25 17:00:00,631.6147635874921
2012-04-25 18:00:00,618.6639679826734
2012-04-25 19:00:00,524.4714830210852
2012-04-25 20:00:00,373.03008447586296
2012-04-25 21:00:00,253.73760157509426
2012-04-25 22:00:00,192.1504215177221
2012-04-25 23:00:00,106.25141950291685
2012-04-26 00:00:00,42.63754072543634
2012-04-26 01:00:00,16.228783727795204
2012-04-26 02:00:00,9.816673093472314
2012-04-26 03:00:00,5.298567264886825
2012-04-26 04:00:00,5.220558343348933
2012-04-26 05:00:00,25.45528766828126
2012-04-26 06:00:00,129.551941259573
2012-04-26 07:00:00,242.40834635763446
2012-04-26 08:00:00,287.1472842810052
2012-04-26 09:00:00,199.0168458937049
2012-04-26 10:00:00,161.92249326844978
2012-04-26 11:00:00,137.46504030623376
2012-04-26 12:00:00,213.7991566613512
2012-04-26 13:00:00,213.1270320919118
2012-04-26 14:00:00,209.74467863124946
2012-04-26 15:00:00,220.7506200884556
2012-04-26 16:00:00,295.7822617928481
2012-04-26 17:00:00,546.5293219334721
2012-04-26 18:00:00,551.7721724731055
2012-04-26 19:00:00,444.52693299280406
2012-04-26 20:00:00,334.1373031384856
2012-04-26 21:00:00,241.38677157938608
2012-04-26 22:00:00,204.97039346900834
2012-04-26 23:00:00,112.69881594040476
2012-04-27 00:00:00,61.514240214682644
2012-04-27 01:00:00,28.279404133655994
2012-04-27 02:00:00,14.810918015119269
2012-04-27 03:00:00,7.17673319493527
2012-04-27 04:00:00,5.375658037529213
2012-04-27 05:00:00,28.480345894764817
2012-04-27 06:00:00,102.72838444370116
2012-04-27 07:00:00,324.39014060915474
2012-04-27 08:00:00,567.4468190559746
2012-04-27 09:00:00,336.16031984731376
2012-04-27 10:00:00,212.2289843798717
2012-04-27 11:00:00,255.4332577703711
2012-04-27 12:00:00,370.8397868853723
2012-04-27 13:00:00,386.2842842221321
2012-04-27 14:00:00,388.0326348361933
2012-04-27 15:00:00,402.1987276884582
2012-04-27 16:00:00,495.1558960467042
2012-04-27 17:00:00,640.4197192084899
2012-04-27 18:00:00,618.8711353856879
2012-04-27 19:00:00,456.73267792627223
2012-04-27 20:00:00,263.70596099312286
2012-04-27 21:00:00,190.0964403351314
2012-04-27 22:00:00,155.49347763952863
2012-04-27 23:00:00,109.18989551137314
2012-04-28 00:00:00,84.84130377774308
2012-04-28 01:00:00,66.07356040858353
2012-04-28 02:00:00,46.54204550867349
2012-04-28 03:00:00,25.163652371501147
2012-04-28 04:00:00,10.379441502039684
2012-04-28 05:00:00,9.822627630744085
2012-04-28 06:00:00,25.09574203781248
2012-04-28 07:00:00,67.63380124620085
2012-04-28 08:00:00,156.96108313200705
2012-04-28 09:00:00,263.21652497856877
2012-04-28 10:00:00,325.9877765380095
2012-04-28 11:00:00,414.00323118873985
2012-04-28 12:00:00,426.9494847210922
2012-04-28 13:00:00,466.67982357604944
2012-04-28 14:00:00,501.17022141518595
2012-04-28 15:00:00,481.42893688823875
2012-04-28 16:00:00,434.6043196902222
2012-04-28 17:00:00,401.1701885937661
2012-04-28 18:00:00,202.25526767683132
2012-04-28 19:00:00,177.76399204657534
2012-04-28 20:00:00,199.36654564358759
2012-04-28 21:00:00,112.04004483824814
2012-04-28 22:00:00,141.49778552847914
2012-04-28 23:00:00,122.07712228172595
2012-04-29 00:00:00,37.73413852816394
2012-04-29 01:00:00,71.3204724597245
2012-04-29 02:00:00,62.86730070540949
2012-04-29 03:00:00,22.913937235177833
2012-04-29 04:00:00,12.336731596305349
2012-04-29 05:00:00,12.66242733881399
2012-04-29 06:00:00,22.27269091041085
2012-04-29 07:00:00,51.936957171641005
2012-04-29 08:00:00,117.67610182211682
2012-04-29 09:00:00,224.96798484751386
2012-04-29 10:00:00,336.42288934822784
2012-04-29 11:00:00,473.54814991752346
2012-04-29 12:00:00,579.4589788238103
2012-04-29 13:00:00,592.5985600256338
2012-04-29 14:00:00,617.8014518476034
2012-04-29 15:00:00,621.7683575921666
2012-04-29 16:00:00,531.043974710823
2012-04-29 17:00:00,464.2975508503269
2012-04-29 18:00:00,393.7305060295334
2012-04-29 19:00:00,411.70145278750243
2012-04-29 20:00:00,274.29730726244844
2012-04-29 21:00:00,166.74863131961305
2012-04-29 22:00:00,119.26029158777035
2012-04-29 23:00:00,70.53526101396004
2012-04-30 00:00:00,31.919399897283608
2012-04-30 01:00:00,12.920296978999879
2012-04-30 02:00:00,8.431285026770746
2012-04-30 03:00:00,4.014431928030991
2012-04-30 04:00:00,3.5067318278358766
2012-04-30 05:00:00,26.591667766073524
2012-04-30 06:00:00,115.04422293668748
2012-04-30 07:00:00,351.4405059223183
2012-04-30 08:00:00,595.462812709818
2012-04-30 09:00:00,313.2460230678264
2012-04-30 10:00:00,191.52083663342617
2012-04-30 11:00:00,208.71737229417226
2012-04-30 12:00:00,238.32354062731974
2012-04-30 13:00:00,259.52187844990004
2012-04-30 14:00:00,250.7285101303652
2012-04-30 15:00:00,259.8485200535398
2012-04-30 16:00:00,371.64059408188626
2012-04-30 17:00:00,696.3714337132867
2012-04-30 18:00:00,683.9119504229541
2012-04-30 19:00:00,486.098662048923
2012-04-30 20:00:00,301.3383517623994
2012-04-30 21:00:00,234.04602743451093
2012-04-30 22:00:00,152.59500150528447
2012-04-30 23:00:00,78.1824601863618
2012-05-20 00:00:00,145.66083187148533
2012-05-20 01:00:00,106.12680475331443
2012-05-20 02:00:00,71.85624621059034
2012-05-20 03:00:00,35.69727367840086
2012-05-20 04:00:00,13.771053435126758
2012-05-20 05:00:00,13.744835914840502
2012-05-20 06:00:00,20.291883751660936
2012-05-20 07:00:00,55.95292629645115
2012-05-20 08:00:00,139.26267820481354
2012-05-20 09:00:00,252.9726793461676
2012-05-20 10:00:00,396.6435724408648
2012-05-20 11:00:00,532.6299463204366
2012-05-20 12:00:00,658.8725595404076
2012-05-20 13:00:00,658.5840769521583
2012-05-20 14:00:00,608.1376630445823
2012-05-20 15:00:00,602.7780100734598
2012-05-20 16:00:00,584.1469479099011
2012-05-20 17:00:00,523.4244083109975
2012-05-20 18:00:00,439.23239787230756
2012-05-20 19:00:00,355.02026685808335
2012-05-20 20:00:00,266.7765112937482
2012-05-20 21:00:00,213.74671492569848
2012-05-20 22:00:00,154.51195400687908
2012-05-20 23:00:00,78.8905413096294
2012-05-21 00:00:00,29.95016261234211
2012-05-21 01:00:00,14.340592360351806
2012-05-21 02:00:00,6.026699725417317
2012-05-21 03:00:00,4.795662597199688
2012-05-21 04:00:00,4.936283327983596
2012-05-21 05:00:00,15.833510292778463
2012-05-21 06:00:00,57.431082238188104
2012-05-21 07:00:00,147.59482195346567
2012-05-21 08:00:00,151.503491005424
2012-05-21 09:00:00,123.51358930974774
2012-05-21 10:00:00,95.39521583177611
2012-05-21 11:00:00,132.55690460274766
2012-05-21 12:00:00,161.2814847201726
2012-05-21 13:00:00,102.22741179525205
2012-05-21 14:00:00,106.54843075502708
2012-05-21 15:00:00,201.38351870879316
2012-05-21 16:00:00,307.21856068065756
2012-05-21 17:00:00,693.8679024354077
2012-05-21 18:00:00,633.4860702589968
2012-05-21 19:00:00,507.2980584683328
2012-05-21 20:00:00,365.3878447987146
2012-05-21 21:00:00,271.18500113818465
2012-05-21 22:00:00,160.54689721762088
2012-05-21 23:00:00,92.57308379899798
2012-05-22 00:00:00,37.08785384072137
2012-05-22 01:00:00,17.79742308758031
2012-05-22 02:00:00,7.356795972480019
2012-05-22 03:00:00,6.347252946014604
2012-05-22 04:00:00,5.452088148290104
2012-05-22 05:00:00,15.840809830025549
2012-05-22 06:00:00,60.68048683476904
2012-05-22 07:00:00,146.54982793408516
2012-05-22 08:00:00,530.4684633181176
2012-05-22 09:00:00,340.9963615936732
2012-05-22 10:00:00,174.1310579307941
2012-05-22 11:00:00,201.1954353279618
2012-05-22 12:00:00,197.65977185089446
2012-05-22 13:00:00,218.7756932717635
2012-05-22 14:00:00,199.14153226261925
2012-05-22 15:00:00,262.73254110895886
2012-05-22 16:00:00,378.5572782421139
2012-05-22 17:00:00,660.570537282201
2012-05-22 18:00:00,712.0597506999565
2012-05-22 19:00:00,509.66269535860516
2012-05-22 20:00:00,387.5735708891982
2012-05-22 21:00:00,275.3329450927434
2012-05-22 22:00:00,198.3088506234292
2012-05-22 23:00:00,107.1026922368311
2012-05-23 00:00:00,47.068045199776606
2012-05-23 01:00:00,19.580101807384338
2012-05-23 02:00:00,8.085942429219305
2012-05-23 03:00:00,6.939902379268767
2012-05-23 04:00:00,5.606609428014598
2012-05-23 05:00:00,16.313708897241266
2012-05-23 06:00:00,145.71734145656816
2012-05-23 07:00:00,415.1745469277604
2012-05-23 08:00:00,629.04727014112
2012-05-23 09:00:00,333.48053065297256
2012-05-23 10:00:00,178.2579428905341
2012-05-23 11:00:00,218.19120372103555
2012-05-23 12:00:00,276.82810484133853
2012-05-23 13:00:00,218.17525444166296
2012-05-23 14:00:00,237.99631610431334
2012-05-23 15:00:00,280.7861302767998
2012-05-23 16:00:00,312.31592285896085
2012-05-23 17:00:00,270.20964123456656
2012-05-23 18:00:00,276.13839217024514
2012-05-23 19:00:00,382.9605808936749
2012-05-23 20:00:00,285.53080120208915
2012-05-23 21:00:00,221.06305262079266
2012-05-23 22:00:00,189.758694867374
2012-05-23 23:00:00,125.34345551707908
2012-05-24 00:00:00,66.52420388469761
2012-05-24 01:00:00,22.913568997298963
2012-05-24 02:00:00,11.75636825799567
2012-05-24 03:00:00,6.577107838458131
2012-05-24 04:00:00,5.435171574606784
2012-05-24 05:00:00,27.09487556858116
2012-05-24 06:00:00,137.34408593179867
2012-05-24 07:00:00,438.6578734895628
2012-05-24 08:00:00,661.4729542626363
2012-05-24 09:00:00,336.77322768553427
2012-05-24 10:00:00,184.52354363769174
2012-05-24 11:00:00,233.13766810775223
2012-05-24 12:00:00,295.5297596678145
2012-05-24 13:00:00,291.61002417169954
2012-05-24 14:00:00,245.03702907850843
2012-05-24 15:00:00,277.7368155152378
2012-05-24 16:00:00,378.04930624384434
2012-05-24 17:00:00,702.4545991626596
2012-05-24 18:00:00,666.2009656948484
2012-05-24 19:00:00,553.8098067376607
2012-05-24 20:00:00,347.1102632851017
2012-05-24 21:00:00,119.40525981633608
2012-05-24 22:00:00,207.700145812385
2012-05-24 23:00:00,161.89100329713298
2012-05-25 00:00:00,79.25910224847102
2012-05-25 01:00:00,40.77600995432339
2012-05-25 02:00:00,11.746892280261752
2012-05-25 03:00:00,7.347698640079876
2012-05-25 04:00:00,6.752364663229869
2012-05-25 05:00:00,26.645298660885405
2012-05-25 06:00:00,136.03932798889116
2012-05-25 07:00:00,395.20111924625644
2012-05-25 08:00:00,612.1423973918985
2012-05-25 09:00:00,297.2915294933529
2012-05-25 10:00:00,206.97035977281405
2012-05-25 11:00:00,231.39978846994381
2012-05-25 12:00:00,315.33385222335755
2012-05-25 13:00:00,323.26620057802324
2012-05-25 14:00:00,309.4499516864392
2012-05-25 15:00:00,322.6808824830368
2012-05-25 16:00:00,471.3874318210945
2012-05-25 17:00:00,686.9493631719617
2012-05-25 18:00:00,680.8658448826285
2012-05-25 19:00:00,501.09905336875283
2012-05-25 20:00:00,351.85659816088855
2012-05-25 21:00:00,278.3224589350435
2012-05-25 22:00:00,266.97025051573064
2012-05-25 23:00:00,209.96047026358266
2012-05-26 00:00:00,143.90206588600313
2012-05-26 01:00:00,108.66018670174329
2012-05-26 02:00:00,71.84528602100784
2012-05-26 03:00:00,30.749656592692723
2012-05-26 04:00:00,11.136534995148436
2012-05-26 05:00:00,12.571197841920094
2012-05-26 06:00:00,37.6914416189308
2012-05-26 07:00:00,74.01992600052789
2012-05-26 08:00:00,199.93192840435205
2012-05-26 09:00:00,276.35970452515306
2012-05-26 10:00:00,388.0890714979537
2012-05-26 11:00:00,491.95728494667446
2012-05-26 12:00:00,512.1131379771806
2012-05-26 13:00:00,523.8187843180804
2012-05-26 14:00:00,513.1026784425873
2012-05-26 15:00:00,492.8440880400028
2012-05-26 16:00:00,499.6690331775701
2012-05-26 17:00:00,486.8460377929822
2012-05-26 18:00:00,497.2892494377616
2012-05-26 19:00:00,395.5598762074306
2012-05-26 20:00:00,283.1710126118617
2012-05-26 21:00:00,247.4348541214422
2012-05-26 22:00:00,246.61638959272383
2012-05-26 23:00:00,204.8292120491996
2012-05-27 00:00:00,130.08151613020055
2012-05-27 01:00:00,112.5440925719413
2012-05-27 02:00:00,79.08881505830817
2012-05-27 03:00:00,33.6394889030648
2012-05-27 04:00:00,10.819789423936058
2012-05-27 05:00:00,11.808553114602354
2012-05-27 06:00:00,19.54671386145967
2012-05-27 07:00:00,59.48702107523806
2012-05-27 08:00:00,147.6442817881598
2012-05-27 09:00:00,234.25786728330357
2012-05-27 10:00:00,370.890637427847
2012-05-27 11:00:00,456.71778999636996
2012-05-27 12:00:00,494.13100261016615
2012-05-27 13:00:00,540.3741092459109
2012-05-27 14:00:00,541.3606426652236
2012-05-27 15:00:00,525.51346087337
2012-05-27 16:00:00,484.92612105896416
2012-05-27 17:00:00,455.15644336556284
2012-05-27 18:00:00,457.2264080747604
2012-05-27 19:00:00,350.677327020463
2012-05-27 20:00:00,296.9915748954949
2012-05-27 21:00:00,158.24455924316135
2012-05-27 22:00:00,108.57358860377383
2012-05-27 23:00:00,84.66305524392222
2012-05-28 00:00:00,76.03645483978049
2012-05-28 01:00:00,59.36836633031904
2012-05-28 02:00:00,36.173124678557244
2012-05-28 03:00:00,16.017211673328845
2012-05-28 04:00:00,9.792242458029888
2012-05-28 05:00:00,17.997700368892072
2012-05-28 06:00:00,59.39904529945117
2012-05-28 07:00:00,152.00882028607438
2012-05-28 08:00:00,229.56985835161888
2012-05-28 09:00:00,295.80224274740937
2012-05-28 10:00:00,291.3176575660941
2012-05-28 11:00:00,297.7363038322588
2012-05-28 12:00:00,308.36237939868346
2012-05-28 13:00:00,311.40498825578027
2012-05-28 14:00:00,313.95384119059446
2012-05-28 15:00:00,307.6959603833121
2012-05-28 16:00:00,374.440349709426
2012-05-28 17:00:00,538.5769939085279
2012-05-28 18:00:00,520.6583882346807
2012-05-28 19:00:00,432.50312885596884
2012-05-28 20:00:00,359.3355945929854
2012-05-28 21:00:00,285.8762986082316
2012-05-28 22:00:00,216.2262211664875
2012-05-28 23:00:00,117.20555492190483
2012-05-29 00:00:00,45.10690593802897
2012-05-29 01:00:00,18.24661561981455
2012-05-29 02:00:00,9.433249436457482
2012-05-29 03:00:00,5.197722160955754
2012-05-29 04:00:00,6.134429693157095
2012-05-29 05:00:00,28.329823843270482
2012-05-29 06:00:00,158.7494956548425
2012-05-29 07:00:00,445.31195969070484
2012-05-29 08:00:00,652.087936701376
2012-05-29 09:00:00,321.1735459954711
2012-05-29 10:00:00,171.94872474814701
2012-05-29 11:00:00,222.92125886457757
2012-05-29 12:00:00,264.5930337397329
2012-05-29 13:00:00,259.2700191763841
2012-05-29 14:00:00,246.7797282022654
2012-05-29 15:00:00,260.2323512500914
2012-05-29 16:00:00,370.82918326087207
2012-05-29 17:00:00,669.9197073863645
2012-05-29 18:00:00,644.316801832852
2012-05-29 19:00:00,545.8278178498525
2012-05-29 20:00:00,286.9451957207477
2012-05-29 21:00:00,102.9065548356503
2012-05-29 22:00:00,143.98209636776272
2012-05-29 23:00:00,80.72000824950584
2012-05-30 00:00:00,43.11545202178991
2012-05-30 01:00:00,15.068760650703195
2012-05-30 02:00:00,7.744995645836854
2012-05-30 03:00:00,5.146882764508213
2012-05-30 04:00:00,5.7759180614790555
2012-05-30 05:00:00,28.28114894232506
2012-05-30 06:00:00,147.16556587824465
2012-05-30 07:00:00,239.6307312896496
2012-05-30 08:00:00,661.4651584063255
2012-05-30 09:00:00,342.5730887232294
2012-05-30 10:00:00,168.83723379801623
2012-05-30 11:00:00,224.74870731407026
2012-05-30 12:00:00,305.14456880862724
2012-05-30 13:00:00,295.3530980600534
2012-05-30 14:00:00,265.39464186935874
2012-05-30 15:00:00,272.3137541145532
2012-05-30 16:00:00,385.9475981853559
2012-05-30 17:00:00,691.8208899155777
2012-05-30 18:00:00,697.3946220189113
2012-05-30 19:00:00,521.6060466826445
2012-05-30 20:00:00,339.5518907593318
2012-05-30 21:00:00,309.9203890679685
2012-05-30 22:00:00,273.05737172730994
2012-05-30 23:00:00,140.81406584820346
2012-05-31 00:00:00,68.12409991185241
2012-05-31 01:00:00,24.77550798403394
2012-05-31 02:00:00,10.731487007053511
2012-05-31 03:00:00,7.17109744745002
2012-05-31 04:00:00,7.044972416509435
2012-05-31 05:00:00,30.423048122800527
2012-05-31 06:00:00,155.0334978326754
2012-05-31 07:00:00,465.3561079462921
2012-05-31 08:00:00,655.5091114009351
2012-05-31 09:00:00,328.3415110620976
2012-05-31 10:00:00,196.81724779297716
2012-05-31 11:00:00,244.970473670236
2012-05-31 12:00:00,316.78271123143
2012-05-31 13:00:00,301.15053165570635
2012-05-31 14:00:00,247.3422314671518
2012-05-31 15:00:00,280.3261615414863
2012-05-31 16:00:00,405.90541528892106
2012-05-31 17:00:00,707.4883394867124
2012-05-31 18:00:00,698.235584158672
2012-05-31 19:00:00,528.2435499314115
2012-05-31 20:00:00,388.18978884376776
2012-05-31 21:00:00,300.6744938525245
2012-05-31 22:00:00,276.5745937110647
2012-05-31 23:00:00,182.57537959270945
2012-06-20 00:00:00,47.94019254227526
2012-06-20 01:00:00,22.510974221576852
2012-06-20 02:00:00,8.214980006214123
2012-06-20 03:00:00,7.714871077369958
2012-06-20 04:00:00,8.745172690504276
2012-06-20 05:00:00,39.415432719912275
2012-06-20 06:00:00,158.81832878132644
2012-06-20 07:00:00,357.09456652376974
2012-06-20 08:00:00,660.4491144028431
2012-06-20 09:00:00,342.0571586618949
2012-06-20 10:00:00,191.18708603338553
2012-06-20 11:00:00,215.22239461419392
2012-06-20 12:00:00,270.73305895380366
2012-06-20 13:00:00,270.4805252929162
2012-06-20 14:00:00,245.04966849887177
2012-06-20 15:00:00,278.93931099236914
2012-06-20 16:00:00,410.3300657391882
2012-06-20 17:00:00,630.7549510443572
2012-06-20 18:00:00,628.3366633977969
2012-06-20 19:00:00,539.5920631703785
2012-06-20 20:00:00,466.0059577491065
2012-06-20 21:00:00,352.43969996336074
2012-06-20 22:00:00,278.2925655820641
2012-06-20 23:00:00,141.1552737187438
2012-06-21 00:00:00,70.10659468657357
2012-06-21 01:00:00,26.393836093182216
2012-06-21 02:00:00,10.254404977871355
2012-06-21 03:00:00,6.592306529835824
2012-06-21 04:00:00,8.216488507116898
2012-06-21 05:00:00,38.7598609281361
2012-06-21 06:00:00,177.04149531622159
2012-06-21 07:00:00,371.59136223527366
2012-06-21 08:00:00,671.046617538375
2012-06-21 09:00:00,300.9001462733118
2012-06-21 10:00:00,184.63803516197507
2012-06-21 11:00:00,225.33678240526032
2012-06-21 12:00:00,281.56351960002206
2012-06-21 13:00:00,277.46902100245234
2012-06-21 14:00:00,234.9436259015924
2012-06-21 15:00:00,257.604044464242
2012-06-21 16:00:00,420.8996499728639
2012-06-21 17:00:00,630.6795865784225
2012-06-21 18:00:00,664.1854480391494
2012-06-21 19:00:00,534.3184022906371
2012-06-21 20:00:00,472.4239935197636
2012-06-21 21:00:00,334.12312269365253
2012-06-21 22:00:00,246.52840206118842
2012-06-21 23:00:00,147.29053064399574
2012-06-22 00:00:00,80.07190946995273
2012-06-22 01:00:00,41.64413181584101
2012-06-22 02:00:00,17.662670756363816
2012-06-22 03:00:00,8.16446780871238
2012-06-22 04:00:00,8.769837317853282
2012-06-22 05:00:00,36.520105837045485
2012-06-22 06:00:00,141.43424342848644
2012-06-22 07:00:00,395.6758161123314
2012-06-22 08:00:00,642.4180220559822
2012-06-22 09:00:00,352.8011740610087
2012-06-22 10:00:00,238.92724237500678
2012-06-22 11:00:00,271.782486668584
2012-06-22 12:00:00,353.6962125612613
2012-06-22 13:00:00,343.1724010001183
2012-06-22 14:00:00,341.5812825509778
2012-06-22 15:00:00,308.3376304246567
2012-06-22 16:00:00,445.42547602629077
2012-06-22 17:00:00,679.773913165362
2012-06-22 18:00:00,660.1360747507757
2012-06-22 19:00:00,500.09699573830386
2012-06-22 20:00:00,370.3506538751472
2012-06-22 21:00:00,164.86866298736325
2012-06-22 22:00:00,266.1032016903029
2012-06-22 23:00:00,183.2540031043436
2012-06-23 00:00:00,166.2735967862334
2012-06-23 01:00:00,105.91194151395942
2012-06-23 02:00:00,86.60271639768051
2012-06-23 03:00:00,35.06187030098144
2012-06-23 04:00:00,10.57154981935998
2012-06-23 05:00:00,10.018446464240144
2012-06-23 06:00:00,35.624395137929895
2012-06-23 07:00:00,63.04325345067205
2012-06-23 08:00:00,183.86674411869413
2012-06-23 09:00:00,288.5677659998903
2012-06-23 10:00:00,418.473991589521
2012-06-23 11:00:00,519.3971755151397
2012-06-23 12:00:00,553.0923043517191
2012-06-23 13:00:00,567.1409001838833
2012-06-23 14:00:00,585.8263750639769
2012-06-23 15:00:00,528.4285303890515
2012-06-23 16:00:00,494.1517112429323
2012-06-23 17:00:00,450.12403433376045
2012-06-23 18:00:00,417.9744055815579
2012-06-23 19:00:00,372.55664961356376
2012-06-23 20:00:00,330.55873709325584
2012-06-23 21:00:00,275.5316070950831
2012-06-23 22:00:00,274.8407552108405
2012-06-23 23:00:00,204.72824662252023
2012-06-24 00:00:00,176.70293077027677
2012-06-24 01:00:00,124.26968263174142
2012-06-24 02:00:00,97.07816375124717
2012-06-24 03:00:00,37.75009661793507
2012-06-24 04:00:00,13.622835514559242
2012-06-24 05:00:00,13.334712061026671
2012-06-24 06:00:00,20.43586690193988
2012-06-24 07:00:00,47.454722605208175
2012-06-24 08:00:00,136.69612008141263
2012-06-24 09:00:00,241.84312391279903
2012-06-24 10:00:00,392.86198682023235
2012-06-24 11:00:00,485.9726987467575
2012-06-24 12:00:00,538.9798251007688
2012-06-24 13:00:00,551.8210835918869
2012-06-24 14:00:00,496.34660657290175
2012-06-24 15:00:00,481.311535599795
2012-06-24 16:00:00,475.61641291908063
2012-06-24 17:00:00,465.6268029880761
2012-06-24 18:00:00,464.7094431720425
2012-06-24 19:00:00,401.95842930479677
2012-06-24 20:00:00,331.693982668511
2012-06-24 21:00:00,234.59183347108234
2012-06-24 22:00:00,152.01164334342695
2012-06-24 23:00:00,103.0262262033336
2012-06-25 00:00:00,42.74443081269121
2012-06-25 01:00:00,19.404294075217305
2012-06-25 02:00:00,11.487182425143866
2012-06-25 03:00:00,7.607604585549854
2012-06-25 04:00:00,8.403481980192671
2012-06-25 05:00:00,41.31533512733418
2012-06-25 06:00:00,149.34833449353147
2012-06-25 07:00:00,486.209078454374
2012-06-25 08:00:00,657.2852493497842
2012-06-25 09:00:00,336.7422254460391
2012-06-25 10:00:00,179.92569867703273
2012-06-25 11:00:00,221.7368760897847
2012-06-25 12:00:00,260.32933443496205
2012-06-25 13:00:00,267.46915496492596
2012-06-25 14:00:00,242.6219174604992
2012-06-25 15:00:00,265.9100720019535
2012-06-25 16:00:00,405.06903079079365
2012-06-25 17:00:00,622.2567290168935
2012-06-25 18:00:00,617.5861878819067
2012-06-25 19:00:00,622.0169421835853
2012-06-25 20:00:00,431.04613668762084
2012-06-25 21:00:00,271.6185208850078
2012-06-25 22:00:00,188.83235391512514
2012-06-25 23:00:00,103.67616325634783
2012-06-26 00:00:00,40.923758188605845
2012-06-26 01:00:00,17.557832297462348
2012-06-26 02:00:00,11.023708275730774
2012-06-26 03:00:00,7.082675922639615
2012-06-26 04:00:00,9.998560323554047
2012-06-26 05:00:00,40.94166924111205
2012-06-26 06:00:00,155.38962066437264
2012-06-26 07:00:00,457.2339740165432
2012-06-26 08:00:00,654.9382794377346
2012-06-26 09:00:00,328.7840965005559
2012-06-26 10:00:00,195.08119583271596
2012-06-26 11:00:00,238.3771140749902
2012-06-26 12:00:00,274.5344402857881
2012-06-26 13:00:00,272.90745968328724
2012-06-26 14:00:00,264.0283134764467
2012-06-26 15:00:00,278.426617742568
2012-06-26 16:00:00,428.26508178148066
2012-06-26 17:00:00,649.2176265301284
2012-06-26 18:00:00,645.2495798565371
2012-06-26 19:00:00,594.4692609532696
2012-06-26 20:00:00,431.1219184742797
2012-06-26 21:00:00,290.8823780449037
2012-06-26 22:00:00,192.5541642912454
2012-06-26 23:00:00,113.73990625618231
2012-06-27 00:00:00,46.00603190405477
2012-06-27 01:00:00,17.41227118264798
2012-06-27 02:00:00,11.249641407476872
2012-06-27 03:00:00,7.8090944540884015
2012-06-27 04:00:00,8.710387686132558
2012-06-27 05:00:00,40.14706014837125
2012-06-27 06:00:00,155.9754986710465
2012-06-27 07:00:00,443.2658366585718
2012-06-27 08:00:00,655.5049607451122
2012-06-27 09:00:00,326.47772608225614
2012-06-27 10:00:00,201.67247929504973
2012-06-27 11:00:00,230.57954425862653
2012-06-27 12:00:00,286.0330331193972
2012-06-27 13:00:00,277.02397695785845
2012-06-27 14:00:00,273.347854330294
2012-06-27 15:00:00,286.5302802502229
2012-06-27 16:00:00,434.163681961795
2012-06-27 17:00:00,635.8287409408942
2012-06-27 18:00:00,626.803447699718
2012-06-27 19:00:00,607.7757947985784
2012-06-27 20:00:00,474.0171053510645
2012-06-27 21:00:00,328.33940433653584
2012-06-27 22:00:00,276.7249551267801
2012-06-27 23:00:00,151.66078200080528
2012-06-28 00:00:00,69.589318857196
2012-06-28 01:00:00,23.932343617638956
2012-06-28 02:00:00,11.868095348454334
2012-06-28 03:00:00,8.462230071698729
2012-06-28 04:00:00,7.798922636294879
2012-06-28 05:00:00,37.35450225023805
2012-06-28 06:00:00,151.21941179411772
2012-06-28 07:00:00,496.53185840341416
2012-06-28 08:00:00,637.3911118587388
2012-06-28 09:00:00,341.0646176579636
2012-06-28 10:00:00,201.02802853762338
2012-06-28 11:00:00,239.84224586912097
2012-06-28 12:00:00,288.16827485185667
2012-06-28 13:00:00,292.89591164708173
2012-06-28 14:00:00,265.5027409477866
2012-06-28 15:00:00,282.87967770570634
2012-06-28 16:00:00,464.3165734128677
2012-06-28 17:00:00,617.6910434152206
2012-06-28 18:00:00,642.4905641629729
2012-06-28 19:00:00,550.9702787692828
2012-06-28 20:00:00,485.9355447315942
2012-06-28 21:00:00,333.6703522145296
2012-06-28 22:00:00,285.0137185777954
2012-06-28 23:00:00,187.56994972307254
2012-06-29 00:00:00,83.33932726296226
2012-06-29 01:00:00,37.708290613388826
2012-06-29 02:00:00,17.239677950931988
2012-06-29 03:00:00,7.756864113337096
2012-06-29 04:00:00,8.29993791807569
2012-06-29 05:00:00,35.03967654386259
2012-06-29 06:00:00,140.54906164529953
2012-06-29 07:00:00,397.9318620839966
2012-06-29 08:00:00,664.2784157118389
2012-06-29 09:00:00,357.91390529129404
2012-06-29 10:00:00,232.69511383192432
2012-06-29 11:00:00,265.62679122891427
2012-06-29 12:00:00,297.1238353722778
2012-06-29 13:00:00,295.05431808232805
2012-06-29 14:00:00,293.78098683687193
2012-06-29 15:00:00,299.24613579017193
2012-06-29 16:00:00,386.3939943536706
2012-06-29 17:00:00,556.4074199052865
2012-06-29 18:00:00,534.2378098606707
2012-06-29 19:00:00,456.7280581262083
2012-06-29 20:00:00,358.1201151632071
2012-06-29 21:00:00,309.08988606954205
2012-06-29 22:00:00,174.567362335676
2012-06-29 23:00:00,121.22262961580124
2012-06-30 00:00:00,134.99489645814893
2012-06-30 01:00:00,115.00867459556028
2012-06-30 02:00:00,75.19211208954266
2012-06-30 03:00:00,35.86165133448992
2012-06-30 04:00:00,12.931595169096903
2012-06-30 05:00:00,11.332917253281032
2012-06-30 06:00:00,31.747548140176143
2012-06-30 07:00:00,66.55919091167469
2012-06-30 08:00:00,175.1156983917579
2012-06-30 09:00:00,256.68351859787924
2012-06-30 10:00:00,350.1162636535916
2012-06-30 11:00:00,434.1822170274882
2012-06-30 12:00:00,484.2311190980925
2012-06-30 13:00:00,489.78453888309485
2012-06-30 14:00:00,495.1056209943047
2012-06-30 15:00:00,477.6169849694215
2012-06-30 16:00:00,435.64483432934367
2012-06-30 17:00:00,460.1604687761883
2012-06-30 18:00:00,451.59422786272836
2012-06-30 19:00:00,414.253724172561
2012-06-30 20:00:00,314.14091506181626
2012-06-30 21:00:00,289.5605978119787
2012-06-30 22:00:00,241.18611387977697
2012-06-30 23:00:00,199.47752083458687
2012-07-20 00:00:00,64.57872264607832
2012-07-20 01:00:00,35.009946474272006
2012-07-20 02:00:00,11.413918862035136
2012-07-20 03:00:00,8.104869899331991
2012-07-20 04:00:00,8.687803136724495
2012-07-20 05:00:00,40.13003889413082
2012-07-20 06:00:00,151.44745297806824
2012-07-20 07:00:00,422.1210805358207
2012-07-20 08:00:00,636.947925345364
2012-07-20 09:00:00,330.35605073806664
2012-07-20 10:00:00,211.0320791711633
2012-07-20 11:00:00,297.89694439425585
2012-07-20 12:00:00,105.23068474656864
2012-07-20 13:00:00,125.98192467979736
2012-07-20 14:00:00,122.1807420630602
2012-07-20 15:00:00,283.37631443402995
2012-07-20 16:00:00,366.5040660348766
2012-07-20 17:00:00,389.6064448943715
2012-07-20 18:00:00,446.1006616736095
2012-07-20 19:00:00,379.3278261933462
2012-07-20 20:00:00,119.96189075157669
2012-07-20 21:00:00,137.44020353021833
2012-07-20 22:00:00,201.15850688933875
2012-07-20 23:00:00,170.2560839484104
2012-07-21 00:00:00,134.15934289541133
2012-07-21 01:00:00,114.90162263072206
2012-07-21 02:00:00,61.07582968791341
2012-07-21 03:00:00,26.31107894191994
2012-07-21 04:00:00,10.828592961819929
2012-07-21 05:00:00,10.720728543028246
2012-07-21 06:00:00,28.902023411561366
2012-07-21 07:00:00,69.26034624331201
2012-07-21 08:00:00,178.6120599981741
2012-07-21 09:00:00,270.7394568840799
2012-07-21 10:00:00,124.13887680494386
2012-07-21 11:00:00,458.01618004715
2012-07-21 12:00:00,148.84543396364205
2012-07-21 13:00:00,151.0447556930308
2012-07-21 14:00:00,483.273324982964
2012-07-21 15:00:00,158.83558111210073
2012-07-21 16:00:00,156.0561945927307
2012-07-21 17:00:00,182.40375586969543
2012-07-21 18:00:00,325.1023744467005
2012-07-21 19:00:00,305.89130614790014
2012-07-21 20:00:00,153.57475612830527
2012-07-21 21:00:00,172.55484716733676
2012-07-21 22:00:00,141.28857172339
2012-07-21 23:00:00,147.18619207296882
2012-07-22 00:00:00,120.75115885431498
2012-07-22 01:00:00,111.84496981401038
2012-07-22 02:00:00,95.67421188767048
2012-07-22 03:00:00,39.70774679815852
2012-07-22 04:00:00,13.414606999464608
2012-07-22 05:00:00,14.308602262784479
2012-07-22 06:00:00,19.803258722992656
2012-07-22 07:00:00,49.61138730964194
2012-07-22 08:00:00,140.23056864886988
2012-07-22 09:00:00,263.4909033598934
2012-07-22 10:00:00,396.4276864256403
2012-07-22 11:00:00,448.4347737288472
2012-07-22 12:00:00,470.119999640415
2012-07-22 13:00:00,461.5235319537852
2012-07-22 14:00:00,472.33159027849604
2012-07-22 15:00:00,440.72238410620184
2012-07-22 16:00:00,444.5551801398273
2012-07-22 17:00:00,474.05838309738266
2012-07-22 18:00:00,418.28286885833126
2012-07-22 19:00:00,343.56008949687595
2012-07-22 20:00:00,278.336126003684
2012-07-22 21:00:00,214.49363176957647
2012-07-22 22:00:00,146.04994841852834
2012-07-22 23:00:00,94.86901174120622
2012-07-23 00:00:00,47.59614650217458
2012-07-23 01:00:00,17.635989642714502
2012-07-23 02:00:00,7.52987026675923
2012-07-23 03:00:00,7.2183308985590315
2012-07-23 04:00:00,9.193093091813344
2012-07-23 05:00:00,37.00428549629641
2012-07-23 06:00:00,150.82497940784825
2012-07-23 07:00:00,413.24086236212366
2012-07-23 08:00:00,625.4935273123085
2012-07-23 09:00:00,325.048472549529
2012-07-23 10:00:00,183.68739872603777
2012-07-23 11:00:00,220.0372430422373
2012-07-23 12:00:00,260.97602702613136
2012-07-23 13:00:00,264.0491684039581
2012-07-23 14:00:00,241.83709228752448
2012-07-23 15:00:00,265.2769128717477
2012-07-23 16:00:00,387.6953473483563
2012-07-23 17:00:00,691.8250495381062
2012-07-23 18:00:00,679.5912265104097
2012-07-23 19:00:00,592.1262734599507
2012-07-23 20:00:00,439.3270553566731
2012-07-23 21:00:00,306.59301671677815
2012-07-23 22:00:00,193.0299630881624
2012-07-23 23:00:00,132.3888474219167
2012-07-24 00:00:00,55.19120114751386
2012-07-24 01:00:00,20.22037570993465
2012-07-24 02:00:00,10.030435165339485
2012-07-24 03:00:00,6.542293962877235
2012-07-24 04:00:00,7.606814448352633
2012-07-24 05:00:00,41.351946329935515
2012-07-24 06:00:00,176.45909549298986
2012-07-24 07:00:00,501.7813101265139
2012-07-24 08:00:00,664.2905189725286
2012-07-24 09:00:00,302.19886201523246
2012-07-24 10:00:00,190.98925172594707
2012-07-24 11:00:00,205.1326989053358
2012-07-24 12:00:00,261.8621508109584
2012-07-24 13:00:00,251.66627710692146
2012-07-24 14:00:00,240.83464077633565
2012-07-24 15:00:00,270.9886651397995
2012-07-24 16:00:00,377.54553702418247
2012-07-24 17:00:00,667.6387460348517
2012-07-24 18:00:00,648.8303342231708
2012-07-24 19:00:00,589.9485754818041
2012-07-24 20:00:00,448.52695360709816
2012-07-24 21:00:00,316.07907876339584
2012-07-24 22:00:00,192.60155076504776
2012-07-24 23:00:00,119.9307310191268
2012-07-25 00:00:00,46.653140602327355
2012-07-25 01:00:00,20.765221935869473
2012-07-25 02:00:00,10.27897316067438
2012-07-25 03:00:00,6.572049584352622
2012-07-25 04:00:00,6.805145868698666
2012-07-25 05:00:00,39.994822853912126
2012-07-25 06:00:00,166.61250346567786
2012-07-25 07:00:00,435.18066020767975
2012-07-25 08:00:00,645.0829056486075
2012-07-25 09:00:00,336.48012409244217
2012-07-25 10:00:00,202.61720892523473
2012-07-25 11:00:00,231.10592074823293
2012-07-25 12:00:00,303.23458657631426
2012-07-25 13:00:00,282.81597015953565
2012-07-25 14:00:00,250.8847230747267
2012-07-25 15:00:00,278.16300402749397
2012-07-25 16:00:00,421.71863647154476
2012-07-25 17:00:00,650.2990303183275
2012-07-25 18:00:00,659.5460588310709
2012-07-25 19:00:00,614.4012629984762
2012-07-25 20:00:00,476.401888488103
2012-07-25 21:00:00,334.8726925892466
2012-07-25 22:00:00,253.30629381402954
2012-07-25 23:00:00,141.10071058119792
2012-07-26 00:00:00,66.98676954110755
2012-07-26 01:00:00,25.072296374475002
2012-07-26 02:00:00,10.56249762263227
2012-07-26 03:00:00,7.595319407633715
2012-07-26 04:00:00,6.9537145606261435
2012-07-26 05:00:00,40.28855555457132
2012-07-26 06:00:00,172.38612060611777
2012-07-26 07:00:00,496.2015692091967
2012-07-26 08:00:00,687.1325816468121
2012-07-26 09:00:00,331.7146345252241
2012-07-26 10:00:00,200.2678931589687
2012-07-26 11:00:00,223.8111372512492
2012-07-26 12:00:00,273.67018544894415
2012-07-26 13:00:00,265.55611341457177
2012-07-26 14:00:00,237.31015363971665
2012-07-26 15:00:00,248.32994972771027
2012-07-26 16:00:00,405.8261661035842
2012-07-26 17:00:00,621.9436528784574
2012-07-26 18:00:00,588.3480667147546
2012-07-26 19:00:00,543.8720998951958
2012-07-26 20:00:00,475.4108206976057
2012-07-26 21:00:00,334.61743729277885
2012-07-26 22:00:00,260.4758322484833
2012-07-26 23:00:00,165.78264893483254
2012-07-27 00:00:00,84.96465640086774
2012-07-27 01:00:00,44.600228302407395
2012-07-27 02:00:00,19.274749770216033
2012-07-27 03:00:00,7.419261915410803
2012-07-27 04:00:00,9.46465392566153
2012-07-27 05:00:00,37.908466622151856
2012-07-27 06:00:00,154.03644244206296
2012-07-27 07:00:00,404.2851067294211
2012-07-27 08:00:00,651.4698986504075
2012-07-27 09:00:00,334.3470522285449
2012-07-27 10:00:00,244.82041215294024
2012-07-27 11:00:00,269.6039286475147
2012-07-27 12:00:00,349.8511706273565
2012-07-27 13:00:00,356.0560568955076
2012-07-27 14:00:00,339.54137245595535
2012-07-27 15:00:00,367.75778841001704
2012-07-27 16:00:00,463.27249385521554
2012-07-27 17:00:00,655.9087797367004
2012-07-27 18:00:00,656.8146999053452
2012-07-27 19:00:00,488.10502563712475
2012-07-27 20:00:00,384.9271018008385
2012-07-27 21:00:00,311.58411653407023
2012-07-27 22:00:00,249.16753749720976
2012-07-27 23:00:00,198.13801676005357
2012-07-28 00:00:00,157.6204989385213
2012-07-28 01:00:00,98.71124631530074
2012-07-28 02:00:00,77.50266907452708
2012-07-28 03:00:00,33.747361366165336
2012-07-28 04:00:00,8.673863551701876
2012-07-28 05:00:00,12.137663902113623
2012-07-28 06:00:00,36.563488437992035
2012-07-28 07:00:00,68.24597088703575
2012-07-28 08:00:00,172.67371116615882
2012-07-28 09:00:00,273.5552671187812
2012-07-28 10:00:00,400.5838472809714
2012-07-28 11:00:00,482.2411331621606
2012-07-28 12:00:00,515.7322841992187
2012-07-28 13:00:00,522.6984104352368
2012-07-28 14:00:00,516.6002047386611
2012-07-28 15:00:00,470.89431633125434
2012-07-28 16:00:00,488.10240998591115
2012-07-28 17:00:00,450.936387745534
2012-07-28 18:00:00,461.4232937491584
2012-07-28 19:00:00,340.5003529207229
2012-07-28 20:00:00,247.40644781226294
2012-07-28 21:00:00,260.0546912996061
2012-07-28 22:00:00,229.73056028947
2012-07-28 23:00:00,193.00367589833283
2012-07-29 00:00:00,163.5103258496691
2012-07-29 01:00:00,110.90062563390045
2012-07-29 02:00:00,85.74149219510883
2012-07-29 03:00:00,41.9409810190931
2012-07-29 04:00:00,10.999601835567999
2012-07-29 05:00:00,11.695548684993817
2012-07-29 06:00:00,22.698238636575795
2012-07-29 07:00:00,53.94517984593335
2012-07-29 08:00:00,132.26391595490486
2012-07-29 09:00:00,249.66205118177223
2012-07-29 10:00:00,391.3307141747341
2012-07-29 11:00:00,476.92866204325435
2012-07-29 12:00:00,539.0956389748222
2012-07-29 13:00:00,535.2124687724245
2012-07-29 14:00:00,537.6181402071784
2012-07-29 15:00:00,535.2479088163296
2012-07-29 16:00:00,479.3551964828424
2012-07-29 17:00:00,468.3311166659551
2012-07-29 18:00:00,462.2136279604267
2012-07-29 19:00:00,349.76747180478066
2012-07-29 20:00:00,291.01037080450686
2012-07-29 21:00:00,216.58932662985197
2012-07-29 22:00:00,139.83367276828076
2012-07-29 23:00:00,91.16626426028054
2012-07-30 00:00:00,55.26749567314706
2012-07-30 01:00:00,18.202440863701092
2012-07-30 02:00:00,13.28453831562703
2012-07-30 03:00:00,6.818745545247351
2012-07-30 04:00:00,9.790136441493836
2012-07-30 05:00:00,39.335433529944986
2012-07-30 06:00:00,147.9397914820908
2012-07-30 07:00:00,456.13354281761985
2012-07-30 08:00:00,655.8874617386753
2012-07-30 09:00:00,328.8681541276116
2012-07-30 10:00:00,186.43017158437635
2012-07-30 11:00:00,221.8515706536108
2012-07-30 12:00:00,267.31409118207495
2012-07-30 13:00:00,262.9164578577823
2012-07-30 14:00:00,243.32692299754726
2012-07-30 15:00:00,267.3361720764203
2012-07-30 16:00:00,397.37359879364533
2012-07-30 17:00:00,664.299144615981
2012-07-30 18:00:00,647.2423475740657
2012-07-30 19:00:00,593.9506465646393
2012-07-30 20:00:00,410.9451918902557
2012-07-30 21:00:00,295.22741782287426
2012-07-30 22:00:00,171.29253446975017
2012-07-30 23:00:00,122.58651922992708
2012-07-31 00:00:00,47.10376016284052
2012-07-31 01:00:00,21.62246558168465
2012-07-31 02:00:00,10.031982900517736
2012-07-31 03:00:00,7.244306802216141
2012-07-31 04:00:00,7.606814448352633
2012-07-31 05:00:00,41.42256648284895
2012-07-31 06:00:00,172.62139716351646
2012-07-31 07:00:00,408.3584414187644
2012-07-31 08:00:00,644.3266762449757
2012-07-31 09:00:00,330.6506463223016
2012-07-31 10:00:00,197.80952819958276
2012-07-31 11:00:00,219.01314135451096
2012-07-31 12:00:00,280.9120822796215
2012-07-31 13:00:00,261.50867355544625
2012-07-31 14:00:00,249.79744300694534
2012-07-31 15:00:00,265.1513780807286
2012-07-31 16:00:00,366.8914572998933
2012-07-31 17:00:00,693.6956882626706
2012-07-31 18:00:00,677.9959983219129
2012-07-31 19:00:00,411.9982934934632
2012-07-31 20:00:00,324.229118818815
2012-07-31 21:00:00,276.55511751012955
2012-07-31 22:00:00,185.86700920875577
2012-07-31 23:00:00,117.49493354588546
2012-08-20 00:00:00,35.35686153600139
2012-08-20 01:00:00,16.505232037318738
2012-08-20 02:00:00,8.575945492742633
2012-08-20 03:00:00,7.414012995832939
2012-08-20 04:00:00,10.229690728400827
2012-08-20 05:00:00,37.65885547576402
2012-08-20 06:00:00,153.47937044043928
2012-08-20 07:00:00,473.09714444156356
2012-08-20 08:00:00,669.7536080758422
2012-08-20 09:00:00,334.05770753355245
2012-08-20 10:00:00,225.12855531954833
2012-08-20 11:00:00,240.83814872974114
2012-08-20 12:00:00,291.3630228692351
2012-08-20 13:00:00,290.4793501161031
2012-08-20 14:00:00,268.0243220792973
2012-08-20 15:00:00,286.9480986308752
2012-08-20 16:00:00,461.24151094235566
2012-08-20 17:00:00,680.9951593595874
2012-08-20 18:00:00,461.5140039542115
2012-08-20 19:00:00,428.4121938928892
2012-08-20 20:00:00,312.571580259445
2012-08-20 21:00:00,236.84320139883584
2012-08-20 22:00:00,144.24661935625022
2012-08-20 23:00:00,93.58793981726994
2012-08-21 00:00:00,34.71908042506933
2012-08-21 01:00:00,15.902961687924016
2012-08-21 02:00:00,5.8708036642933665
2012-08-21 03:00:00,7.080702015425132
2012-08-21 04:00:00,7.640045792975462
2012-08-21 05:00:00,39.970980784245015
2012-08-21 06:00:00,179.2562019747782
2012-08-21 07:00:00,489.6616656229708
2012-08-21 08:00:00,675.5000896389745
2012-08-21 09:00:00,350.2502645953586
2012-08-21 10:00:00,210.7051915278228
2012-08-21 11:00:00,235.3993821348363
2012-08-21 12:00:00,298.30536905468233
2012-08-21 13:00:00,295.8334124736819
2012-08-21 14:00:00,257.10743191051927
2012-08-21 15:00:00,292.7714265993649
2012-08-21 16:00:00,464.79529287198943
2012-08-21 17:00:00,682.2315727368813
2012-08-21 18:00:00,680.5477503122365
2012-08-21 19:00:00,314.54070087481915
2012-08-21 20:00:00,406.0896084134843
2012-08-21 21:00:00,299.58161144445495
2012-08-21 22:00:00,197.98109820276832
2012-08-21 23:00:00,120.87763836415623
2012-08-22 00:00:00,47.70816004299762
2012-08-22 01:00:00,19.30366699200695
2012-08-22 02:00:00,8.948476962930158
2012-08-22 03:00:00,7.8630635181640995
2012-08-22 04:00:00,6.863631367675382
2012-08-22 05:00:00,41.01692552912379
2012-08-22 06:00:00,181.64524442175986
2012-08-22 07:00:00,483.7849765325945
2012-08-22 08:00:00,684.6136476137245
2012-08-22 09:00:00,349.5518698004096
2012-08-22 10:00:00,212.76030811058288
2012-08-22 11:00:00,233.39262665062702
2012-08-22 12:00:00,298.26163867261613
2012-08-22 13:00:00,289.36418636412753
2012-08-22 14:00:00,257.3090433632129
2012-08-22 15:00:00,282.7569425833533
2012-08-22 16:00:00,386.0500934722398
2012-08-22 17:00:00,411.7515283167293
2012-08-22 18:00:00,378.1904644250417
2012-08-22 19:00:00,483.01273771482386
2012-08-22 20:00:00,426.25049677506536
2012-08-22 21:00:00,321.04448249504276
2012-08-22 22:00:00,254.64940469861918
2012-08-22 23:00:00,148.2597531753238
2012-08-23 00:00:00,68.46340810368399
2012-08-23 01:00:00,23.380841343966598
2012-08-23 02:00:00,10.662088698017648
2012-08-23 03:00:00,7.931369636796743
2012-08-23 04:00:00,7.828367662466897
2012-08-23 05:00:00,41.31525580755825
2012-08-23 06:00:00,171.99771014852269
2012-08-23 07:00:00,383.22852423186674
2012-08-23 08:00:00,688.4108897177606
2012-08-23 09:00:00,354.9642858730461
2012-08-23 10:00:00,208.128696474382
2012-08-23 11:00:00,245.9246482570302
2012-08-23 12:00:00,303.7911826680243
2012-08-23 13:00:00,289.23930460840717
2012-08-23 14:00:00,253.21097529905694
2012-08-23 15:00:00,282.86511117427295
2012-08-23 16:00:00,426.37056111400705
2012-08-23 17:00:00,687.6010185238841
2012-08-23 18:00:00,661.298874711271
2012-08-23 19:00:00,634.4407704055134
2012-08-23 20:00:00,440.73698574561445
2012-08-23 21:00:00,326.83794713967313
2012-08-23 22:00:00,235.1480698717991
2012-08-23 23:00:00,170.02959084961225
2012-08-24 00:00:00,81.56521023144474
2012-08-24 01:00:00,42.336025654658044
2012-08-24 02:00:00,19.436059659211317
2012-08-24 03:00:00,9.765420012542275
2012-08-24 04:00:00,8.995632445528365
2012-08-24 05:00:00,39.46327434289668
2012-08-24 06:00:00,151.65963747909956
2012-08-24 07:00:00,408.2366062832576
2012-08-24 08:00:00,664.8987737059921
2012-08-24 09:00:00,375.05389023910016
2012-08-24 10:00:00,259.5527532508228
2012-08-24 11:00:00,279.5629137814737
2012-08-24 12:00:00,372.5733439285506
2012-08-24 13:00:00,368.6503557013905
2012-08-24 14:00:00,370.54781968575423
2012-08-24 15:00:00,363.91743119096725
2012-08-24 16:00:00,483.9556881243002
2012-08-24 17:00:00,669.272823318323
2012-08-24 18:00:00,641.4598302905451
2012-08-24 19:00:00,494.9908804798679
2012-08-24 20:00:00,374.05728703166903
2012-08-24 21:00:00,294.2219731376981
2012-08-24 22:00:00,222.42219401509968
2012-08-24 23:00:00,195.23493053954888
2012-08-25 00:00:00,142.36414462661008
2012-08-25 01:00:00,114.40570512557298
2012-08-25 02:00:00,91.76779500646106
2012-08-25 03:00:00,34.0996192501182
2012-08-25 04:00:00,11.410168128809353
2012-08-25 05:00:00,10.533715435766506
2012-08-25 06:00:00,32.100468942653706
2012-08-25 07:00:00,61.0742273741446
2012-08-25 08:00:00,174.4903044919137
2012-08-25 09:00:00,277.3048880255251
2012-08-25 10:00:00,434.9469434589203
2012-08-25 11:00:00,513.4802985806427
2012-08-25 12:00:00,378.406416499401
2012-08-25 13:00:00,562.9187311906459
2012-08-25 14:00:00,289.0816429782001
2012-08-25 15:00:00,436.2638035404188
2012-08-25 16:00:00,448.42842150633726
2012-08-25 17:00:00,407.1784690413647
2012-08-25 18:00:00,424.8168575781559
2012-08-25 19:00:00,337.57688232084604
2012-08-25 20:00:00,156.2690090791126
2012-08-25 21:00:00,242.8262080298983
2012-08-25 22:00:00,211.5113294081226
2012-08-25 23:00:00,168.86500981600543
2012-08-26 00:00:00,154.6766355151059
2012-08-26 01:00:00,113.89759110620436
2012-08-26 02:00:00,96.77269402202636
2012-08-26 03:00:00,41.15436668715826
2012-08-26 04:00:00,13.710648406954766
2012-08-26 05:00:00,11.708483921319974
2012-08-26 06:00:00,15.474506845883548
2012-08-26 07:00:00,56.79264467366913
2012-08-26 08:00:00,128.49214081439914
2012-08-26 09:00:00,254.1265108360707
2012-08-26 10:00:00,387.9833402024929
2012-08-26 11:00:00,468.4070960324427
2012-08-26 12:00:00,352.55388412183123
2012-08-26 13:00:00,256.22525483769454
2012-08-26 14:00:00,400.15177172868954
2012-08-26 15:00:00,164.59348332565588
2012-08-26 16:00:00,183.29125405259452
2012-08-26 17:00:00,262.54558389054347
2012-08-26 18:00:00,301.34234521723613
2012-08-26 19:00:00,256.69824936157937
2012-08-26 20:00:00,177.67917875448342
2012-08-26 21:00:00,200.59146218645577
2012-08-26 22:00:00,139.004732961616
2012-08-26 23:00:00,93.87610480691049
2012-08-27 00:00:00,45.937891621808284
2012-08-27 01:00:00,14.973188310629714
2012-08-27 02:00:00,8.041677714135286
2012-08-27 03:00:00,7.308911827627552
2012-08-27 04:00:00,9.632294203279843
2012-08-27 05:00:00,37.55962390030054
2012-08-27 06:00:00,157.02052193766718
2012-08-27 07:00:00,305.7753687037983
2012-08-27 08:00:00,557.0239935740218
2012-08-27 09:00:00,322.7815891605175
2012-08-27 10:00:00,196.4504887866385
2012-08-27 11:00:00,239.7375378178645
2012-08-27 12:00:00,284.9472931544019
2012-08-27 13:00:00,271.3604931729714
2012-08-27 14:00:00,260.9647876410777
2012-08-27 15:00:00,272.6458957119815
2012-08-27 16:00:00,454.30957011995366
2012-08-27 17:00:00,697.8857052610954
2012-08-27 18:00:00,677.6259193042221
2012-08-27 19:00:00,572.8126607259956
2012-08-27 20:00:00,423.1500230046287
2012-08-27 21:00:00,289.79899514174554
2012-08-27 22:00:00,167.11390567999814
2012-08-27 23:00:00,118.82227589701917
2012-08-28 00:00:00,43.56852065007206
2012-08-28 01:00:00,18.565647718170364
2012-08-28 02:00:00,9.76300995341967
2012-08-28 03:00:00,7.287999709133192
2012-08-28 04:00:00,8.130119614155536
2012-08-28 05:00:00,40.75846811420124
2012-08-28 06:00:00,174.27228579135522
2012-08-28 07:00:00,377.00998885094043
2012-08-28 08:00:00,609.8700698491546
2012-08-28 09:00:00,344.2616578439647
2012-08-28 10:00:00,212.3379022076632
2012-08-28 11:00:00,230.74293083869736
2012-08-28 12:00:00,280.9970839496313
2012-08-28 13:00:00,275.5591181273852
2012-08-28 14:00:00,256.77988613365824
2012-08-28 15:00:00,273.55303151477676
2012-08-28 16:00:00,449.05571799570333
2012-08-28 17:00:00,667.7829404382975
2012-08-28 18:00:00,678.0101300433847
2012-08-28 19:00:00,597.6933327100458
2012-08-28 20:00:00,429.1169462396327
2012-08-28 21:00:00,306.0706820786004
2012-08-28 22:00:00,206.3041158563432
2012-08-28 23:00:00,140.49517275475276
2012-08-29 00:00:00,51.183071858411765
2012-08-29 01:00:00,19.993004878379153
2012-08-29 02:00:00,8.407965983411847
2012-08-29 03:00:00,8.650482797832279
2012-08-29 04:00:00,6.5663437606097235
2012-08-29 05:00:00,40.56394130348231
2012-08-29 06:00:00,173.32517367348848
2012-08-29 07:00:00,450.52658806646446
2012-08-29 08:00:00,685.8930994335442
2012-08-29 09:00:00,350.2587853889212
2012-08-29 10:00:00,207.2891256272121
2012-08-29 11:00:00,238.51801422807466
2012-08-29 12:00:00,298.3771334187422
2012-08-29 13:00:00,305.6183114387235
2012-08-29 14:00:00,254.65434736082935
2012-08-29 15:00:00,274.9831665513089
2012-08-29 16:00:00,463.97850287478326
2012-08-29 17:00:00,688.2017110182311
2012-08-29 18:00:00,664.5196088163398
2012-08-29 19:00:00,631.1646392865854
2012-08-29 20:00:00,444.6455926973349
2012-08-29 21:00:00,335.72158815476865
2012-08-29 22:00:00,263.16956050961113
2012-08-29 23:00:00,149.08629861142626
2012-08-30 00:00:00,68.88130237883774
2012-08-30 01:00:00,24.108187603514637
2012-08-30 02:00:00,9.887869447786203
2012-08-30 03:00:00,8.486616565065958
2012-08-30 04:00:00,7.483917062763009
2012-08-30 05:00:00,40.82448029586265
2012-08-30 06:00:00,170.26332593933512
2012-08-30 07:00:00,477.30001164386874
2012-08-30 08:00:00,682.5719435687433
2012-08-30 09:00:00,348.3106547791137
2012-08-30 10:00:00,193.92930951385034
2012-08-30 11:00:00,258.5332494432139
2012-08-30 12:00:00,293.15356186635336
2012-08-30 13:00:00,288.13147496216595
2012-08-30 14:00:00,252.0320618965928
2012-08-30 15:00:00,284.74214080897406
2012-08-30 16:00:00,435.08388252697654
2012-08-30 17:00:00,685.3840208571567
2012-08-30 18:00:00,673.0722810550271
2012-08-30 19:00:00,638.8817547262341
2012-08-30 20:00:00,491.8182015861483
2012-08-30 21:00:00,334.50478248849936
2012-08-30 22:00:00,260.58418905832946
2012-08-30 23:00:00,171.33193351404918
2012-08-31 00:00:00,80.42470739779344
2012-08-31 01:00:00,40.56173635288437
2012-08-31 02:00:00,12.120813036248425
2012-08-31 03:00:00,8.338342200425112
2012-08-31 04:00:00,8.946357083279487
2012-08-31 05:00:00,39.2328293199844
2012-08-31 06:00:00,153.69297725706437
2012-08-31 07:00:00,394.49544479677684
2012-08-31 08:00:00,668.8016671989145
2012-08-31 09:00:00,353.9411536948235
2012-08-31 10:00:00,238.17862762379028
2012-08-31 11:00:00,263.1418472707633
2012-08-31 12:00:00,343.2026161830227
2012-08-31 13:00:00,332.4724418871863
2012-08-31 14:00:00,297.02930019462207
2012-08-31 15:00:00,316.9287702716377
2012-08-31 16:00:00,448.0286151498128
2012-08-31 17:00:00,619.4458047510241
2012-08-31 18:00:00,635.5046960971612
2012-08-31 19:00:00,496.70283999934026
2012-08-31 20:00:00,384.4166233978094
2012-08-31 21:00:00,309.49765573909184
2012-08-31 22:00:00,246.94571200729771
2012-08-31 23:00:00,205.4089015355359
2012-09-20 00:00:00,56.2142205172604
2012-09-20 01:00:00,22.8190280566168
2012-09-20 02:00:00,12.191675707715225
2012-09-20 03:00:00,8.91439381013548
2012-09-20 04:00:00,7.784401512964445
2012-09-20 05:00:00,44.785735082021915
2012-09-20 06:00:00,189.65535233631707
2012-09-20 07:00:00,516.7311971615651
2012-09-20 08:00:00,689.3099240446506
2012-09-20 09:00:00,335.4055926454775
2012-09-20 10:00:00,201.39911922493738
2012-09-20 11:00:00,249.10523662671346
2012-09-20 12:00:00,315.03509271235015
2012-09-20 13:00:00,306.5012555276947
2012-09-20 14:00:00,287.21312640830666
2012-09-20 15:00:00,331.63149651795726
2012-09-20 16:00:00,453.70929040246244
2012-09-20 17:00:00,670.3160269926626
2012-09-20 18:00:00,651.3695782068876
2012-09-20 19:00:00,609.7592825278349
2012-09-20 20:00:00,431.64559187239615
2012-09-20 21:00:00,303.86326672362634
2012-09-20 22:00:00,235.6172334296687
2012-09-20 23:00:00,153.96110896748576
2012-09-21 00:00:00,85.66231617374945
2012-09-21 01:00:00,38.57475858275956
2012-09-21 02:00:00,22.906979010280175
2012-09-21 03:00:00,10.516182104401311
2012-09-21 04:00:00,11.666142061343823
2012-09-21 05:00:00,45.337096115731406
2012-09-21 06:00:00,157.52814759431647
2012-09-21 07:00:00,445.2341700136441
2012-09-21 08:00:00,650.6838297578822
2012-09-21 09:00:00,358.68939649916666
2012-09-21 10:00:00,237.5857079143912
2012-09-21 11:00:00,289.76007516718454
2012-09-21 12:00:00,336.4768878238005
2012-09-21 13:00:00,396.2797831818426
2012-09-21 14:00:00,379.9498817322723
2012-09-21 15:00:00,379.32828984210613
2012-09-21 16:00:00,536.6771556646538
2012-09-21 17:00:00,661.0925084979574
2012-09-21 18:00:00,636.9174233577851
2012-09-21 19:00:00,559.9116231272967
2012-09-21 20:00:00,382.9553123532448
2012-09-21 21:00:00,286.2962231369175
2012-09-21 22:00:00,253.5393117925995
2012-09-21 23:00:00,187.37556711378548
2012-09-22 00:00:00,159.79489076990174
2012-09-22 01:00:00,118.69192682439989
2012-09-22 02:00:00,73.90515560920372
2012-09-22 03:00:00,34.22138150378336
2012-09-22 04:00:00,14.733204521539076
2012-09-22 05:00:00,14.582944190715477
2012-09-22 06:00:00,31.296479460492858
2012-09-22 07:00:00,68.85435578115607
2012-09-22 08:00:00,194.32200014293238
2012-09-22 09:00:00,318.3930620886018
2012-09-22 10:00:00,462.9979345225955
2012-09-22 11:00:00,562.8518046922809
2012-09-22 12:00:00,585.6086513464842
2012-09-22 13:00:00,585.3264556674649
2012-09-22 14:00:00,572.2786589125163
2012-09-22 15:00:00,572.8069054552702
2012-09-22 16:00:00,566.9083261888378
2012-09-22 17:00:00,568.2438860095634
2012-09-22 18:00:00,508.71465533037707
2012-09-22 19:00:00,405.5836189214221
2012-09-22 20:00:00,312.35404224452634
2012-09-22 21:00:00,276.10846219702586
2012-09-22 22:00:00,253.0717682219251
2012-09-22 23:00:00,207.47995668341167
2012-09-23 00:00:00,161.6516408484524
2012-09-23 01:00:00,115.85418336023784
2012-09-23 02:00:00,77.57262836851113
2012-09-23 03:00:00,31.957048031365517
2012-09-23 04:00:00,12.806711734963695
2012-09-23 05:00:00,13.115839618306714
2012-09-23 06:00:00,21.28873892203417
2012-09-23 07:00:00,51.01875104361419
2012-09-23 08:00:00,120.9389071500501
2012-09-23 09:00:00,244.54531454493707
2012-09-23 10:00:00,410.9408236364209
2012-09-23 11:00:00,522.4995309665869
2012-09-23 12:00:00,629.3817894292424
2012-09-23 13:00:00,663.9338567951622
2012-09-23 14:00:00,648.1638087561923
2012-09-23 15:00:00,657.2128328164443
2012-09-23 16:00:00,624.8268172097803
2012-09-23 17:00:00,567.4244702967329
2012-09-23 18:00:00,501.6134686716539
2012-09-23 19:00:00,390.8089127499587
2012-09-23 20:00:00,247.8933816743753
2012-09-23 21:00:00,167.75613862894366
2012-09-23 22:00:00,135.5192925480827
2012-09-23 23:00:00,79.88893932671823
2012-09-24 00:00:00,46.95483640422006
2012-09-24 01:00:00,18.356751866107864
2012-09-24 02:00:00,10.404161233954168
2012-09-24 03:00:00,6.220459393063236
2012-09-24 04:00:00,9.77818130170383
2012-09-24 05:00:00,42.748801437159585
2012-09-24 06:00:00,156.05848972951026
2012-09-24 07:00:00,482.64065564919144
2012-09-24 08:00:00,677.0817006090149
2012-09-24 09:00:00,341.0159924809349
2012-09-24 10:00:00,201.21000546396473
2012-09-24 11:00:00,254.2608695144126
2012-09-24 12:00:00,330.4867819189428
2012-09-24 13:00:00,322.7454629301923
2012-09-24 14:00:00,286.5062453182534
2012-09-24 15:00:00,315.2605363207417
2012-09-24 16:00:00,482.99284389642327
2012-09-24 17:00:00,645.6218107246095
2012-09-24 18:00:00,684.6190313798695
2012-09-24 19:00:00,514.33005896987
2012-09-24 20:00:00,369.8843065003295
2012-09-24 21:00:00,239.34920265499764
2012-09-24 22:00:00,142.88978759751424
2012-09-24 23:00:00,92.73908184315141
2012-09-25 00:00:00,46.196933596132936
2012-09-25 01:00:00,18.521945904829327
2012-09-25 02:00:00,7.337879981338189
2012-09-25 03:00:00,5.381284030084623
2012-09-25 04:00:00,8.438863072390951
2012-09-25 05:00:00,41.83074326034237
2012-09-25 06:00:00,169.87948306011702
2012-09-25 07:00:00,495.9639642492991
2012-09-25 08:00:00,697.4578685332694
2012-09-25 09:00:00,356.94378233553607
2012-09-25 10:00:00,210.33889921987233
2012-09-25 11:00:00,243.4996538501413
2012-09-25 12:00:00,322.8425769944644
2012-09-25 13:00:00,319.60099420243756
2012-09-25 14:00:00,307.33127667160056
2012-09-25 15:00:00,339.4870504710062
2012-09-25 16:00:00,480.4029567061496
2012-09-25 17:00:00,693.8773367852419
2012-09-25 18:00:00,693.7894206393919
2012-09-25 19:00:00,557.218144211553
2012-09-25 20:00:00,427.2515277691139
2012-09-25 21:00:00,270.06204770746433
2012-09-25 22:00:00,171.5658170763827
2012-09-25 23:00:00,93.80661621357665
2012-09-26 00:00:00,42.265810449259924
2012-09-26 01:00:00,17.941775428726558
2012-09-26 02:00:00,7.996740781772179
2012-09-26 03:00:00,6.0711403461641
2012-09-26 04:00:00,7.389933428905428
2012-09-26 05:00:00,42.362647353844615
2012-09-26 06:00:00,174.23667680915875
2012-09-26 07:00:00,527.8811478523438
2012-09-26 08:00:00,709.0176982462688
2012-09-26 09:00:00,354.0936836637317
2012-09-26 10:00:00,186.02620002641737
2012-09-26 11:00:00,235.49799971407677
2012-09-26 12:00:00,335.0414615290158
2012-09-26 13:00:00,309.0002286539368
2012-09-26 14:00:00,279.14242650694763
2012-09-26 15:00:00,300.10327711302403
2012-09-26 16:00:00,462.75404189811576
2012-09-26 17:00:00,667.0006394853983
2012-09-26 18:00:00,679.3715681109719
2012-09-26 19:00:00,571.478056562016
2012-09-26 20:00:00,442.0678999051376
2012-09-26 21:00:00,314.66923702951505
2012-09-26 22:00:00,175.75837126951424
2012-09-26 23:00:00,123.54456135204003
2012-09-27 00:00:00,65.5304184199693
2012-09-27 01:00:00,24.91433764275134
2012-09-27 02:00:00,13.22161686037127
2012-09-27 03:00:00,9.755476772641112
2012-09-27 04:00:00,8.30072125466272
2012-09-27 05:00:00,41.83463243842285
2012-09-27 06:00:00,168.96767691777936
2012-09-27 07:00:00,498.38453512942385
2012-09-27 08:00:00,694.8305530810852
2012-09-27 09:00:00,350.28095694668235
2012-09-27 10:00:00,209.7654157039818
2012-09-27 11:00:00,246.093232272306
2012-09-27 12:00:00,290.92735469290415
2012-09-27 13:00:00,285.4271889918139
2012-09-27 14:00:00,258.00839212545816
2012-09-27 15:00:00,291.39248921897195
2012-09-27 16:00:00,466.0524701099192
2012-09-27 17:00:00,599.0676425078187
2012-09-27 18:00:00,610.6976492009818
2012-09-27 19:00:00,571.9038133354838
2012-09-27 20:00:00,378.3218687336164
2012-09-27 21:00:00,184.25612755779392
2012-09-27 22:00:00,166.0684732382958
2012-09-27 23:00:00,100.04455025162257
2012-09-28 00:00:00,64.87700814257643
2012-09-28 01:00:00,23.877269136481186
2012-09-28 02:00:00,9.731615350239487
2012-09-28 03:00:00,6.932905694293173
2012-09-28 04:00:00,6.941391245497076
2012-09-28 05:00:00,39.36395737853884
2012-09-28 06:00:00,144.59197724540005
2012-09-28 07:00:00,408.60455503739854
2012-09-28 08:00:00,648.8410526652624
2012-09-28 09:00:00,351.252084102519
2012-09-28 10:00:00,213.96854307810648
2012-09-28 11:00:00,261.3117871298498
2012-09-28 12:00:00,401.01148732879733
2012-09-28 13:00:00,402.0209325731559
2012-09-28 14:00:00,390.80708874545604
2012-09-28 15:00:00,394.7049114252469
2012-09-28 16:00:00,548.200879318
2012-09-28 17:00:00,659.6564853621989
2012-09-28 18:00:00,660.3570473311702
2012-09-28 19:00:00,362.47354418182624
2012-09-28 20:00:00,286.8056276066092
2012-09-28 21:00:00,215.9484162874091
2012-09-28 22:00:00,230.17468549663826
2012-09-28 23:00:00,164.30204863235699
2012-09-29 00:00:00,156.0129710011847
2012-09-29 01:00:00,114.57163025985744
2012-09-29 02:00:00,72.45243544584918
2012-09-29 03:00:00,39.97818015417126
2012-09-29 04:00:00,15.005935942995839
2012-09-29 05:00:00,13.337013922755999
2012-09-29 06:00:00,34.868029917964016
2012-09-29 07:00:00,79.86000062706954
2012-09-29 08:00:00,195.690094727479
2012-09-29 09:00:00,323.9477523996146
2012-09-29 10:00:00,435.92238735511904
2012-09-29 11:00:00,549.5370167596668
2012-09-29 12:00:00,651.2941915326915
2012-09-29 13:00:00,665.5630116045522
2012-09-29 14:00:00,637.7610139735496
2012-09-29 15:00:00,613.4370749217518
2012-09-29 16:00:00,624.6397723434429
2012-09-29 17:00:00,579.0854391017103
2012-09-29 18:00:00,494.3041907365786
2012-09-29 19:00:00,372.26527001212344
2012-09-29 20:00:00,255.75997945575864
2012-09-29 21:00:00,231.675550756037
2012-09-29 22:00:00,208.40897850056115
2012-09-29 23:00:00,181.1320469655243
2012-09-30 00:00:00,160.96083736142975
2012-09-30 01:00:00,110.86180632902176
2012-09-30 02:00:00,67.00321256475465
2012-09-30 03:00:00,35.68128005748031
2012-09-30 04:00:00,11.89471128901741
2012-09-30 05:00:00,12.333115768413196
2012-09-30 06:00:00,27.037763226987845
2012-09-30 07:00:00,60.911654020392035
2012-09-30 08:00:00,128.08658808260117
2012-09-30 09:00:00,260.4830051152609
2012-09-30 10:00:00,431.79551731163616
2012-09-30 11:00:00,532.4565842012613
2012-09-30 12:00:00,645.1442433138942
2012-09-30 13:00:00,659.8416038016699
2012-09-30 14:00:00,632.2823414855998
2012-09-30 15:00:00,661.4345254947567
2012-09-30 16:00:00,637.0159111212911
2012-09-30 17:00:00,574.4503613151818
2012-09-30 18:00:00,431.18332716102634
2012-09-30 19:00:00,247.46877903284235
2012-09-30 20:00:00,198.99050783610417
2012-09-30 21:00:00,175.23682639963909
2012-09-30 22:00:00,118.4742127857839
2012-09-30 23:00:00,84.39671419064872
2012-10-20 00:00:00,141.84973189611074
2012-10-20 01:00:00,109.65083779043556
2012-10-20 02:00:00,66.87842998104307
2012-10-20 03:00:00,28.795496363854912
2012-10-20 04:00:00,11.15913199109781
2012-10-20 05:00:00,12.082074520637939
2012-10-20 06:00:00,30.68617501181371
2012-10-20 07:00:00,73.26751815137496
2012-10-20 08:00:00,193.6195507037206
2012-10-20 09:00:00,328.3936464707714
2012-10-20 10:00:00,423.2845279136395
2012-10-20 11:00:00,555.2663994538186
2012-10-20 12:00:00,613.1937037718556
2012-10-20 13:00:00,647.6094079042794
2012-10-20 14:00:00,626.5880178284702
2012-10-20 15:00:00,594.2003410145489
2012-10-20 16:00:00,622.2591930473505
2012-10-20 17:00:00,582.8149924108386
2012-10-20 18:00:00,497.4060675759531
2012-10-20 19:00:00,373.6102123889969
2012-10-20 20:00:00,242.31467414679798
2012-10-20 21:00:00,215.63367526948278
2012-10-20 22:00:00,183.09438236057304
2012-10-20 23:00:00,167.09413987838315
2012-10-21 00:00:00,135.0013044872619
2012-10-21 01:00:00,113.27415462757855
2012-10-21 02:00:00,71.33616675980295
2012-10-21 03:00:00,33.85036372134032
2012-10-21 04:00:00,12.219551574911462
2012-10-21 05:00:00,11.759462119899425
2012-10-21 06:00:00,25.725415606185408
2012-10-21 07:00:00,57.26817550924195
2012-10-21 08:00:00,130.16404351331366
2012-10-21 09:00:00,240.53585212700875
2012-10-21 10:00:00,404.6973901407867
2012-10-21 11:00:00,516.3074720193828
2012-10-21 12:00:00,634.1980314079697
2012-10-21 13:00:00,670.1830037368209
2012-10-21 14:00:00,649.3149849943757
2012-10-21 15:00:00,649.938096435612
2012-10-21 16:00:00,625.4653613293094
2012-10-21 17:00:00,549.4804804440972
2012-10-21 18:00:00,474.1365460971734
2012-10-21 19:00:00,352.0231272652411
2012-10-21 20:00:00,236.2273685162872
2012-10-21 21:00:00,156.6237713120021
2012-10-21 22:00:00,117.37631755123417
2012-10-21 23:00:00,85.29397923284047
2012-10-22 00:00:00,38.91113980357069
2012-10-22 01:00:00,15.65904562532893
2012-10-22 02:00:00,8.66651827119997
2012-10-22 03:00:00,6.271287399282526
2012-10-22 04:00:00,8.539715153502764
2012-10-22 05:00:00,36.265226786477115
2012-10-22 06:00:00,153.2183927330529
2012-10-22 07:00:00,410.9862748088357
2012-10-22 08:00:00,656.1716648849316
2012-10-22 09:00:00,330.1582091754176
2012-10-22 10:00:00,188.76476016710535
2012-10-22 11:00:00,256.943801757188
2012-10-22 12:00:00,321.4427391063994
2012-10-22 13:00:00,324.14601141836357
2012-10-22 14:00:00,302.7618303835418
2012-10-22 15:00:00,337.19584244776865
2012-10-22 16:00:00,484.9000551497785
2012-10-22 17:00:00,681.7212776297366
2012-10-22 18:00:00,679.1896441791947
2012-10-22 19:00:00,508.54512765606887
2012-10-22 20:00:00,364.72702630504426
2012-10-22 21:00:00,218.79330455018572
2012-10-22 22:00:00,139.2586764889887
2012-10-22 23:00:00,93.94022745186997
2012-10-23 00:00:00,44.78368825577547
2012-10-23 01:00:00,15.568104012133329
2012-10-23 02:00:00,7.147232506371502
2012-10-23 03:00:00,6.240822522165445
2012-10-23 04:00:00,8.479664318398429
2012-10-23 05:00:00,41.36217360695092
2012-10-23 06:00:00,163.88344118172924
2012-10-23 07:00:00,482.784956800508
2012-10-23 08:00:00,679.8392872556385
2012-10-23 09:00:00,354.4071386830724
2012-10-23 10:00:00,192.658417595929
2012-10-23 11:00:00,253.11228969494863
2012-10-23 12:00:00,316.4678760221588
2012-10-23 13:00:00,305.3452825965705
2012-10-23 14:00:00,276.2908320901436
2012-10-23 15:00:00,322.1563996727329
2012-10-23 16:00:00,475.0819972824619
2012-10-23 17:00:00,649.5207890679359
2012-10-23 18:00:00,686.4715128304125
2012-10-23 19:00:00,543.2974583679172
2012-10-23 20:00:00,429.21654621408396
2012-10-23 21:00:00,258.5314324930556
2012-10-23 22:00:00,196.95912742512283
2012-10-23 23:00:00,102.56495184540985
2012-10-24 00:00:00,48.400267649025324
2012-10-24 01:00:00,18.38293908185217
2012-10-24 02:00:00,9.599532651479997
2012-10-24 03:00:00,7.688039869788394
2012-10-24 04:00:00,7.188350828754437
2012-10-24 05:00:00,42.8725138487693
2012-10-24 06:00:00,178.70560136487416
2012-10-24 07:00:00,430.24294638863205
2012-10-24 08:00:00,626.3777398547809
2012-10-24 09:00:00,363.60173711046417
2012-10-24 10:00:00,190.19441921640552
2012-10-24 11:00:00,235.33146953190305
2012-10-24 12:00:00,323.4285574356804
2012-10-24 13:00:00,310.2049339584352
2012-10-24 14:00:00,283.8397554780581
2012-10-24 15:00:00,319.78336888187414
2012-10-24 16:00:00,485.95502252882164
2012-10-24 17:00:00,649.4538342095291
2012-10-24 18:00:00,647.5575204617809
2012-10-24 19:00:00,534.577789146004
2012-10-24 20:00:00,395.7171844134019
2012-10-24 21:00:00,270.9998347816843
2012-10-24 22:00:00,216.95822907512326
2012-10-24 23:00:00,134.2586095703178
2012-10-25 00:00:00,59.56721132040123
2012-10-25 01:00:00,22.117392363445447
2012-10-25 02:00:00,10.698861533058736
2012-10-25 03:00:00,7.4431240351849
2012-10-25 04:00:00,8.042739003795559
2012-10-25 05:00:00,41.990675099148945
2012-10-25 06:00:00,160.86630935939618
2012-10-25 07:00:00,453.6333628627783
2012-10-25 08:00:00,627.523491671533
2012-10-25 09:00:00,362.9022626742952
2012-10-25 10:00:00,173.47194506512682
2012-10-25 11:00:00,163.70470591498994
2012-10-25 12:00:00,222.21411437172114
2012-10-25 13:00:00,222.41980955038113
2012-10-25 14:00:00,250.9002452949117
2012-10-25 15:00:00,309.0430663371511
2012-10-25 16:00:00,446.0834249386573
2012-10-25 17:00:00,621.393763407717
2012-10-25 18:00:00,309.5121290011622
2012-10-25 19:00:00,336.814917224349
2012-10-25 20:00:00,291.4537863174137
2012-10-25 21:00:00,232.52347515922204
2012-10-25 22:00:00,211.63671109795743
2012-10-25 23:00:00,130.36905063193768
2012-10-26 00:00:00,76.09804615025624
2012-10-26 01:00:00,27.358834226718635
2012-10-26 02:00:00,10.404748512033205
2012-10-26 03:00:00,7.1483250706680925
2012-10-26 04:00:00,7.576431694473015
2012-10-26 05:00:00,39.7996550246802
2012-10-26 06:00:00,143.52629256171807
2012-10-26 07:00:00,429.9903159356564
2012-10-26 08:00:00,581.4484136118004
2012-10-26 09:00:00,352.12007183363136
2012-10-26 10:00:00,210.19729310146738
2012-10-26 11:00:00,242.65858028727897
2012-10-26 12:00:00,331.80177729018055
2012-10-26 13:00:00,349.93159523652406
2012-10-26 14:00:00,353.9330522728082
2012-10-26 15:00:00,370.18401093981316
2012-10-26 16:00:00,483.9451305053036
2012-10-26 17:00:00,481.26274617683555
2012-10-26 18:00:00,414.9525186731447
2012-10-26 19:00:00,316.1184131907573
2012-10-26 20:00:00,267.63356734748197
2012-10-26 21:00:00,246.23096746723044
2012-10-26 22:00:00,202.04483713014113
2012-10-26 23:00:00,163.3689940640806
2012-10-27 00:00:00,151.257823497757
2012-10-27 01:00:00,106.42978170542649
2012-10-27 02:00:00,62.8981882724337
2012-10-27 03:00:00,38.97983128935489
2012-10-27 04:00:00,12.201646772661537
2012-10-27 05:00:00,12.189891722477512
2012-10-27 06:00:00,30.993400762685585
2012-10-27 07:00:00,79.53352516252103
2012-10-27 08:00:00,194.94280014846134
2012-10-27 09:00:00,322.0023464495706
2012-10-27 10:00:00,445.28976506359174
2012-10-27 11:00:00,560.3498144004985
2012-10-27 12:00:00,600.291268764364
2012-10-27 13:00:00,653.2588468034
2012-10-27 14:00:00,602.9440486698074
2012-10-27 15:00:00,553.3503926736912
2012-10-27 16:00:00,509.3555580162373
2012-10-27 17:00:00,532.4033716563083
2012-10-27 18:00:00,465.2983818160955
2012-10-27 19:00:00,357.25755329811784
2012-10-27 20:00:00,236.91986366983116
2012-10-27 21:00:00,217.3924890504449
2012-10-27 22:00:00,205.29243422528697
2012-10-27 23:00:00,141.41130809398925
2012-10-28 00:00:00,128.97584718970546
2012-10-28 01:00:00,112.75262566462173
2012-10-28 02:00:00,74.60924365089637
2012-10-28 03:00:00,32.72509465499694
2012-10-28 04:00:00,12.38001647651391
2012-10-28 05:00:00,14.022476864714353
2012-10-28 06:00:00,21.893336951150943
2012-10-28 07:00:00,50.94010962640348
2012-10-28 08:00:00,120.3374102056061
2012-10-28 09:00:00,236.8088923616827
2012-10-28 10:00:00,366.5157040852176
2012-10-28 11:00:00,490.2993395551661
2012-10-28 12:00:00,566.2557751641575
2012-10-28 13:00:00,550.8614530953108
2012-10-28 14:00:00,559.7169096940413
2012-10-28 15:00:00,535.6591870638897
2012-10-28 16:00:00,301.3611899800216
2012-10-28 17:00:00,263.35975253114066
2012-10-28 18:00:00,167.25131520084886
2012-10-28 19:00:00,159.50628847094964
2012-10-28 20:00:00,151.8876285538201
2012-10-28 21:00:00,140.38879884731594
2012-10-28 22:00:00,70.07704430906243
2012-10-28 23:00:00,60.15968196986955
2012-10-29 00:00:00,26.074107382456468
2012-10-30 13:00:00,132.98379443522938
2012-10-30 14:00:00,130.9943721682848
2012-10-30 15:00:00,143.4525601190182
2012-10-30 16:00:00,194.82614373594248
2012-10-30 17:00:00,313.47844372812324
2012-10-30 18:00:00,313.7614864356558
2012-10-30 19:00:00,507.43692408181045
2012-10-30 20:00:00,223.51295985490316
2012-10-30 21:00:00,172.3331427911839
2012-10-30 22:00:00,135.6553342711599
2012-10-30 23:00:00,106.68630317274662
2012-10-31 00:00:00,44.97056423541528
2012-10-31 01:00:00,15.196265873618836
2012-10-31 02:00:00,6.192259263688671
2012-10-31 03:00:00,6.259635398015077
2012-10-31 04:00:00,7.299867835520889
2012-10-31 05:00:00,33.96446949110727
2012-10-31 06:00:00,150.0413567672433
2012-10-31 07:00:00,356.47699613957985
2012-10-31 08:00:00,584.7887291746728
2012-10-31 09:00:00,327.92625460456964
2012-10-31 10:00:00,168.24274451794784
2012-10-31 11:00:00,173.0906513198527
2012-10-31 12:00:00,233.6478739981125
2012-10-31 13:00:00,227.21374989741122
2012-10-31 14:00:00,205.97596385076008
2012-10-31 15:00:00,233.40467694479293
2012-10-31 16:00:00,349.29035795351064
2012-10-31 17:00:00,592.7975205120813
2012-10-31 18:00:00,599.2426116283232
2012-10-31 19:00:00,419.19379698490326
2012-10-31 20:00:00,287.2151889354963
2012-10-31 21:00:00,211.51877950515922
2012-10-31 22:00:00,154.94208934085822
2012-10-31 23:00:00,114.92935925029406
2012-11-20 00:00:00,30.517047159924896
2012-11-20 01:00:00,15.306693591130266
2012-11-20 02:00:00,5.422847559065415
2012-11-20 03:00:00,4.943403365775567
2012-11-20 04:00:00,9.015672249346679
2012-11-20 05:00:00,39.458918713007506
2012-11-20 06:00:00,135.87344643911413
2012-11-20 07:00:00,363.93322363001965
2012-11-20 08:00:00,619.99640181737
2012-11-20 09:00:00,322.46088880833395
2012-11-20 10:00:00,186.03337881806448
2012-11-20 11:00:00,203.19036406520507
2012-11-20 12:00:00,241.63901546709738
2012-11-20 13:00:00,245.76500364602475
2012-11-20 14:00:00,225.18255015657266
2012-11-20 15:00:00,258.78889379751973
2012-11-20 16:00:00,360.63107973686726
2012-11-20 17:00:00,538.0645464201087
2012-11-20 18:00:00,526.1567655159428
2012-11-20 19:00:00,397.1809017156031
2012-11-20 20:00:00,264.18491233910476
2012-11-20 21:00:00,196.6606277810603
2012-11-20 22:00:00,157.77332955261437
2012-11-20 23:00:00,113.08974753365037
2012-11-21 00:00:00,35.17370606464919
2012-11-21 01:00:00,16.867981516559574
2012-11-21 02:00:00,5.5003739923393535
2012-11-21 03:00:00,6.921392405085562
2012-11-21 04:00:00,7.149234324797903
2012-11-21 05:00:00,30.617539648575097
2012-11-21 06:00:00,129.09966804932188
2012-11-21 07:00:00,345.14781633788715
2012-11-21 08:00:00,558.9276335147836
2012-11-21 09:00:00,319.2319447789004
2012-11-21 10:00:00,169.67524414400066
2012-11-21 11:00:00,195.079927147957
2012-11-21 12:00:00,235.4110628912115
2012-11-21 13:00:00,235.7733911079763
2012-11-21 14:00:00,253.15059961089216
2012-11-21 15:00:00,277.1604106355278
2012-11-21 16:00:00,355.2157034193601
2012-11-21 17:00:00,619.1493069527288
2012-11-21 18:00:00,546.9106214266409
2012-11-21 19:00:00,398.60734281774495
2012-11-21 20:00:00,268.36976246208116
2012-11-21 21:00:00,198.76638199536677
2012-11-21 22:00:00,146.4941957821616
2012-11-21 23:00:00,121.32272950923607
2012-11-22 00:00:00,81.68196375657679
2012-11-22 01:00:00,61.1969023577294
2012-11-22 02:00:00,18.45654353718352
2012-11-22 03:00:00,7.9863637863109025
2012-11-22 04:00:00,8.002201326840858
2012-11-22 05:00:00,13.335677928226074
2012-11-22 06:00:00,32.38347543063904
2012-11-22 07:00:00,126.49600587030109
2012-11-22 08:00:00,245.98490257764755
2012-11-22 09:00:00,250.10814184391933
2012-11-22 10:00:00,283.17241540253616
2012-11-22 11:00:00,392.7409155609045
2012-11-22 12:00:00,472.52705007633256
2012-11-22 13:00:00,498.1144484068196
2012-11-22 14:00:00,488.32120359515733
2012-11-22 15:00:00,468.9747718132044
2012-11-22 16:00:00,402.3754296504357
2012-11-22 17:00:00,552.1595975081816
2012-11-22 18:00:00,486.90472710021766
2012-11-22 19:00:00,321.9290236347679
2012-11-22 20:00:00,233.63140662468203
2012-11-22 21:00:00,186.08518630660288
2012-11-22 22:00:00,154.35884700532554
2012-11-22 23:00:00,135.82564581879365
2012-11-23 00:00:00,44.49597704298051
2012-11-23 01:00:00,23.121999812296792
2012-11-23 02:00:00,11.191776435898108
2012-11-23 03:00:00,8.347281852334001
2012-11-23 04:00:00,9.392761381971631
2012-11-23 05:00:00,33.01332984357785
2012-11-23 06:00:00,131.87170136815263
2012-11-23 07:00:00,337.46902141131307
2012-11-23 08:00:00,557.4851775614701
2012-11-23 09:00:00,328.3614421945461
2012-11-23 10:00:00,188.14676316306546
2012-11-23 11:00:00,232.22032275215867
2012-11-23 12:00:00,279.5606203745634
2012-11-23 13:00:00,300.1425625693201
2012-11-23 14:00:00,341.7320946971224
2012-11-23 15:00:00,347.6232991459988
2012-11-23 16:00:00,447.4148663442598
2012-11-23 17:00:00,617.2560814275434
2012-11-23 18:00:00,586.0927096196192
2012-11-23 19:00:00,459.3440064466734
2012-11-23 20:00:00,299.0207764502913
2012-11-23 21:00:00,229.08621439836196
2012-11-23 22:00:00,156.43164874054102
2012-11-23 23:00:00,112.40282298833954
2012-11-24 00:00:00,111.36386531907831
2012-11-24 01:00:00,101.18964706612424
2012-11-24 02:00:00,43.60582581519659
2012-11-24 03:00:00,14.80978017314762
2012-11-24 04:00:00,7.707637856609505
2012-11-24 05:00:00,7.358145989385674
2012-11-24 06:00:00,21.187883844229393
2012-11-24 07:00:00,61.20573999134489
2012-11-24 08:00:00,144.09446275406185
2012-11-24 09:00:00,198.68065852275743
2012-11-24 10:00:00,256.7346756917504
2012-11-24 11:00:00,308.56045735790565
2012-11-24 12:00:00,342.9394173620193
2012-11-24 13:00:00,393.7354231312366
2012-11-24 14:00:00,384.1878005907196
2012-11-24 15:00:00,333.36029963720887
2012-11-24 16:00:00,306.5041415829353
2012-11-24 17:00:00,259.14673248488924
2012-11-24 18:00:00,225.81916439040165
2012-11-24 19:00:00,189.84067378026248
2012-11-24 20:00:00,143.27947250253456
2012-11-24 21:00:00,142.47387559087787
2012-11-24 22:00:00,123.15925696833372
2012-11-24 23:00:00,91.08726748430051
2012-11-25 00:00:00,112.52645097265419
2012-11-25 01:00:00,119.64878396993461
2012-11-25 02:00:00,44.59355931860463
2012-11-25 03:00:00,21.066094595146946
2012-11-25 04:00:00,7.373748559846292
2012-11-25 05:00:00,8.44300363473833
2012-11-25 06:00:00,15.982952336410742
2012-11-25 07:00:00,48.69171865391827
2012-11-25 08:00:00,126.6060754785823
2012-11-25 09:00:00,180.7615202484923
2012-11-25 10:00:00,251.4400969756887
2012-11-25 11:00:00,291.73088926048024
2012-11-25 12:00:00,335.57095966592055
2012-11-25 13:00:00,338.3162651309728
2012-11-25 14:00:00,352.2738306263068
2012-11-25 15:00:00,335.83841576666623
2012-11-25 16:00:00,319.96068897135285
2012-11-25 17:00:00,239.08855904797556
2012-11-25 18:00:00,195.9475419314105
2012-11-25 19:00:00,166.92138111945445
2012-11-25 20:00:00,121.77520482849886
2012-11-25 21:00:00,102.22181432961254
2012-11-25 22:00:00,86.84451351434103
2012-11-25 23:00:00,63.70950326761506
2012-11-26 00:00:00,23.388987603244637
2012-11-26 01:00:00,12.343142940945121
2012-11-26 02:00:00,4.606185415183988
2012-11-26 03:00:00,5.548540981778486
2012-11-26 04:00:00,7.856397061805036
2012-11-26 05:00:00,38.560279606346604
2012-11-26 06:00:00,141.54827213943886
2012-11-26 07:00:00,379.63170370735077
2012-11-26 08:00:00,637.9585073831613
2012-11-26 09:00:00,307.37732570251023
2012-11-26 10:00:00,172.7559584115206
2012-11-26 11:00:00,197.41960657849506
2012-11-26 12:00:00,243.66107197335904
2012-11-26 13:00:00,241.81771040257433
2012-11-26 14:00:00,229.77391395708594
2012-11-26 15:00:00,241.0700463213018
2012-11-26 16:00:00,363.4082807526256
2012-11-26 17:00:00,585.8645717958873
2012-11-26 18:00:00,564.5511193881686
2012-11-26 19:00:00,372.5993580802261
2012-11-26 20:00:00,263.9047088831409
2012-11-26 21:00:00,186.54720820509885
2012-11-26 22:00:00,127.70889180963695
2012-11-26 23:00:00,82.89588155490888
2012-11-27 00:00:00,31.331608913076643
2012-11-27 01:00:00,15.164952513917392
2012-11-27 02:00:00,6.175484134468878
2012-11-27 03:00:00,5.118315306561606
2012-11-27 04:00:00,6.991062206589535
2012-11-27 05:00:00,32.51903243264751
2012-11-27 06:00:00,129.11587545430726
2012-11-27 07:00:00,193.12475732562925
2012-11-27 08:00:00,213.50459209975395
2012-11-27 09:00:00,288.76660706381557
2012-11-27 10:00:00,128.4497192231109
2012-11-27 11:00:00,121.48243003384528
2012-11-27 12:00:00,140.0081971290934
2012-11-27 13:00:00,152.95319270452924
2012-11-27 14:00:00,143.7668046956405
2012-11-27 15:00:00,195.14429861149972
2012-11-27 16:00:00,275.61822065976486
2012-11-27 17:00:00,451.1984945723788
2012-11-27 18:00:00,398.3739478797133
2012-11-27 19:00:00,334.90044645875776
2012-11-27 20:00:00,229.15481853384384
2012-11-27 21:00:00,159.4042266153406
2012-11-27 22:00:00,131.5947098520941
2012-11-27 23:00:00,87.37844210881195
2012-11-28 00:00:00,31.872400742282323
2012-11-28 01:00:00,19.354731104704705
2012-11-28 02:00:00,5.90365453105223
2012-11-28 03:00:00,4.923097262909231
2012-11-28 04:00:00,7.377628837444479
2012-11-28 05:00:00,36.22948369850424
2012-11-28 06:00:00,135.47491723086466
2012-11-28 07:00:00,356.4496648793305
2012-11-28 08:00:00,639.9181875897851
2012-11-28 09:00:00,325.2732455695941
2012-11-28 10:00:00,183.1481693149448
2012-11-28 11:00:00,186.99955789749652
2012-11-28 12:00:00,218.4173180047595
2012-11-28 13:00:00,230.05037068565602
2012-11-28 14:00:00,214.1062526927233
2012-11-28 15:00:00,236.63045007950367
2012-11-28 16:00:00,353.84565661275303
2012-11-28 17:00:00,574.1418773900302
2012-11-28 18:00:00,531.3064110958835
2012-11-28 19:00:00,380.5491588781363
2012-11-28 20:00:00,251.87256018968938
2012-11-28 21:00:00,191.95572259889187
2012-11-28 22:00:00,133.27761213172616
2012-11-28 23:00:00,84.9798927066403
2012-11-29 00:00:00,33.386041232937444
2012-11-29 01:00:00,17.154753290400368
2012-11-29 02:00:00,7.274849602721997
2012-11-29 04:00:00,7.365769967110342
2012-11-29 05:00:00,36.21887973934398
2012-11-29 06:00:00,142.3599220452954
2012-11-29 07:00:00,365.1757774853481
2012-11-29 08:00:00,627.7914391952453
2012-11-29 09:00:00,341.29209826964905
2012-11-29 10:00:00,167.97638463741853
2012-11-29 11:00:00,190.0294601472238
2012-11-29 12:00:00,246.605725599493
2012-11-29 13:00:00,240.02808147990982
2012-11-29 14:00:00,218.00715060484293
2012-11-29 15:00:00,250.98532840366357
2012-11-29 16:00:00,361.11815009990215
2012-11-29 17:00:00,585.1582708186427
2012-11-29 18:00:00,554.4461412117823
2012-11-29 19:00:00,375.46293726642574
2012-11-29 20:00:00,253.46607128116375
2012-11-29 21:00:00,187.02631456853302
2012-11-29 22:00:00,147.98168601850819
2012-11-29 23:00:00,128.52829746762015
2012-11-30 00:00:00,45.09948796646102
2012-11-30 01:00:00,23.89407672678606
2012-11-30 02:00:00,10.990591247404208
2012-11-30 03:00:00,8.605272041746401
2012-11-30 04:00:00,9.31735388246044
2012-11-30 05:00:00,33.369538120612944
2012-11-30 06:00:00,131.29326985167086
2012-11-30 07:00:00,333.0887972641066
2012-11-30 08:00:00,528.6136508826679
2012-11-30 09:00:00,334.9042949714541
2012-11-30 10:00:00,178.56490586921026
2012-11-30 11:00:00,193.77216650038255
2012-11-30 12:00:00,260.2388996613621
2012-11-30 13:00:00,269.37078846845617
2012-11-30 14:00:00,261.4551376580173
2012-11-30 15:00:00,272.0591564898643
2012-11-30 16:00:00,408.95995494027994
2012-11-30 17:00:00,585.014734161127
2012-11-30 18:00:00,491.73492701095904
2012-11-30 19:00:00,359.95789122059824
2012-11-30 20:00:00,241.37043853432348
2012-11-30 21:00:00,182.59290298434186
2012-11-30 22:00:00,155.44146322073811
2012-11-30 23:00:00,135.0229156058992
2012-12-20 00:00:00,44.75251155282231
2012-12-20 01:00:00,19.34910034645446
2012-12-20 02:00:00,10.869108255877308
2012-12-20 03:00:00,5.136188347639836
2012-12-20 04:00:00,7.528020612643364
2012-12-20 05:00:00,35.03662178571646
2012-12-20 06:00:00,139.52641179419538
2012-12-20 07:00:00,370.96091852725084
2012-12-20 08:00:00,623.8933176879483
2012-12-20 09:00:00,305.86468631549053
2012-12-20 10:00:00,165.09208254498017
2012-12-20 11:00:00,172.6431141466438
2012-12-20 12:00:00,229.24956935904478
2012-12-20 13:00:00,227.64797373107206
2012-12-20 14:00:00,216.82927577238638
2012-12-20 15:00:00,233.10114489081474
2012-12-20 16:00:00,320.3148239838035
2012-12-20 17:00:00,558.4300169143856
2012-12-20 18:00:00,525.706443319994
2012-12-20 19:00:00,290.33208767747783
2012-12-20 20:00:00,213.41708551693114
2012-12-20 21:00:00,133.04505604573825
2012-12-20 22:00:00,78.80892854062044
2012-12-20 23:00:00,73.95863134994758
2012-12-21 00:00:00,41.11979681296956
2012-12-21 01:00:00,21.580074795564673
2012-12-21 02:00:00,8.98435234782979
2012-12-21 03:00:00,5.82756356138361
2012-12-21 04:00:00,6.526815821265886
2012-12-21 05:00:00,28.65085915948086
2012-12-21 06:00:00,104.21759535188055
2012-12-21 07:00:00,312.2680845318839
2012-12-21 08:00:00,574.8903822098749
2012-12-21 09:00:00,281.79837046875275
2012-12-21 10:00:00,176.00405438235344
2012-12-21 11:00:00,180.1771239017602
2012-12-21 12:00:00,208.84748821400612
2012-12-21 13:00:00,208.47540570261927
2012-12-21 14:00:00,203.69228855363193
2012-12-21 15:00:00,201.74382076783914
2012-12-21 16:00:00,273.4219189980546
2012-12-21 17:00:00,427.87839070345285
2012-12-21 18:00:00,399.3912134455663
2012-12-21 19:00:00,300.8948907806517
2012-12-21 20:00:00,208.06534099296923
2012-12-21 21:00:00,149.0903976019075
2012-12-21 22:00:00,110.3089383699315
2012-12-21 23:00:00,80.91024989734892
2012-12-22 00:00:00,107.17073928033098
2012-12-22 01:00:00,94.52567662562794
2012-12-22 02:00:00,46.07009559835196
2012-12-22 03:00:00,17.03917992013335
2012-12-22 04:00:00,7.995298236126699
2012-12-22 05:00:00,6.712461155921381
2012-12-22 06:00:00,11.828259835826097
2012-12-22 07:00:00,43.66065859002072
2012-12-22 08:00:00,117.97394099351669
2012-12-22 09:00:00,168.6902382635849
2012-12-22 10:00:00,236.59927249663733
2012-12-22 11:00:00,273.3485219306522
2012-12-22 12:00:00,303.669825342075
2012-12-22 13:00:00,358.7621302545146
2012-12-22 14:00:00,355.37712502753493
2012-12-22 15:00:00,348.3491005895527
2012-12-22 16:00:00,278.01966202485994
2012-12-22 17:00:00,234.52624926985126
2012-12-22 18:00:00,193.61147367337693
2012-12-22 19:00:00,155.32811908334315
2012-12-22 20:00:00,123.13904884340964
2012-12-22 21:00:00,102.93767034892242
2012-12-22 22:00:00,87.83333792816275
2012-12-22 23:00:00,74.56303984406593
2012-12-23 00:00:00,112.42121133892613
2012-12-23 01:00:00,112.91854654714419
2012-12-23 02:00:00,54.07698649050374
2012-12-23 03:00:00,24.65858512501951
2012-12-23 04:00:00,9.56042476152282
2012-12-23 05:00:00,6.90108757943902
2012-12-23 06:00:00,8.968781917715013
2012-12-23 07:00:00,35.23900272286147
2012-12-23 08:00:00,85.618106487163
2012-12-23 09:00:00,131.53972160245516
2012-12-23 10:00:00,211.80733473013873
2012-12-23 11:00:00,247.14067786645373
2012-12-23 12:00:00,317.06744821430505
2012-12-23 13:00:00,357.0346797714697
2012-12-23 14:00:00,380.9825386216868
2012-12-23 15:00:00,378.24190971643986
2012-12-23 16:00:00,341.0689396996348
2012-12-23 17:00:00,263.11997800289026
2012-12-23 18:00:00,189.26165434086525
2012-12-23 19:00:00,150.29826073794487
2012-12-23 20:00:00,104.2400381979134
2012-12-23 21:00:00,96.55736618967123
2012-12-23 22:00:00,91.68165071818338
2012-12-23 23:00:00,51.67951802712811
2012-12-24 00:00:00,21.528029737322225
2012-12-24 01:00:00,9.91719351710481
2012-12-24 02:00:00,4.348543582725045
2012-12-24 03:00:00,4.672460891978797
2012-12-24 05:00:00,30.97119975889123
2012-12-24 06:00:00,120.97247960076552
2012-12-24 07:00:00,320.9491689037769
2012-12-24 08:00:00,556.1384533904013
2012-12-24 09:00:00,270.08441651352155
2012-12-24 10:00:00,130.6990946808419
2012-12-24 11:00:00,134.74275056399324
2012-12-24 12:00:00,164.02026024606832
2012-12-24 13:00:00,117.64003856576085
2012-12-24 14:00:00,114.89076897059651
2012-12-24 15:00:00,113.75753198722447
2012-12-24 16:00:00,149.73778326939774
2012-12-24 17:00:00,253.36865265879763
2012-12-24 18:00:00,241.99799889078815
2012-12-24 19:00:00,250.33879900021412
2012-12-24 20:00:00,161.2072039208936
2012-12-24 21:00:00,111.81414974757824
2012-12-24 22:00:00,96.99078114786158
2012-12-24 23:00:00,42.86183397310673
2012-12-25 00:00:00,41.15635019252267
2012-12-25 01:00:00,34.59507280202782
2012-12-25 02:00:00,16.37606183519239
2012-12-25 04:00:00,7.025641120396537
2012-12-25 05:00:00,9.15664577422067
2012-12-25 06:00:00,16.64202855947809
2012-12-25 07:00:00,69.37115973236844
2012-12-25 08:00:00,170.43540192806753
2012-12-25 09:00:00,172.32095804946533
2012-12-25 10:00:00,205.18957668013425
2012-12-25 11:00:00,232.14883264738873
2012-12-25 12:00:00,274.6048600341779
2012-12-25 13:00:00,338.79927394643573
2012-12-25 14:00:00,340.8591964066697
2012-12-25 15:00:00,302.1476489969357
2012-12-25 16:00:00,306.63089771367856
2012-12-25 17:00:00,370.75382290729016
2012-12-25 18:00:00,328.4684279556377
2012-12-25 19:00:00,245.06601948333306
2012-12-25 20:00:00,173.5219610369821
2012-12-25 21:00:00,129.05462498718282
2012-12-25 22:00:00,102.69305694650747
2012-12-25 23:00:00,64.81688469907519
2012-12-26 00:00:00,28.769573782578234
2012-12-26 01:00:00,13.358398174827201
2012-12-26 02:00:00,5.091149291393351
2012-12-26 03:00:00,4.467476833786741
2012-12-26 04:00:00,6.018592001948742
2012-12-26 05:00:00,30.91855299066164
2012-12-26 06:00:00,117.62344669952012
2012-12-26 07:00:00,170.87429912924134
2012-12-26 08:00:00,231.6120221099201
2012-12-26 09:00:00,161.14516041009952
2012-12-26 10:00:00,96.3660769611802
2012-12-26 11:00:00,93.94594411624826
2012-12-26 12:00:00,108.48662359475432
2012-12-26 13:00:00,109.16929623592405
2012-12-26 14:00:00,109.2016590435296
2012-12-26 15:00:00,113.03018801496414
2012-12-26 16:00:00,146.2116543709809
2012-12-26 17:00:00,252.28053191439923
2012-12-26 18:00:00,245.35127037614149
2012-12-26 19:00:00,215.96588277956116
2012-12-26 20:00:00,149.75254538052232
2012-12-26 21:00:00,148.7943149920136
2012-12-26 22:00:00,59.01518146502111
2012-12-26 23:00:00,40.62755373246241
2012-12-27 00:00:00,20.898821993608475
2012-12-27 01:00:00,7.890193574187084
2012-12-27 02:00:00,5.576924379654951
2012-12-27 03:00:00,4.190608394352155
2012-12-27 04:00:00,5.848357085731741
2012-12-27 05:00:00,31.137432744315817
2012-12-27 06:00:00,113.3113173622426
2012-12-27 07:00:00,332.0730826321057
2012-12-27 08:00:00,597.8982757869557
2012-12-27 09:00:00,291.1924323642933
2012-12-27 10:00:00,140.96004585983354
2012-12-27 11:00:00,143.68659441888062
2012-12-27 12:00:00,183.20153994149192
2012-12-27 13:00:00,181.32742518204955
2012-12-27 14:00:00,149.39803543770049
2012-12-27 15:00:00,157.8437718403824
2012-12-27 16:00:00,237.57338979110085
2012-12-27 17:00:00,425.6014968411794
2012-12-27 18:00:00,392.20088231808563
2012-12-27 19:00:00,276.7126138483407
2012-12-27 20:00:00,196.39864995302895
2012-12-27 21:00:00,145.82720310693236
2012-12-27 22:00:00,109.87391683851094
2012-12-27 23:00:00,79.92563305139149
2012-12-28 00:00:00,39.90818583198639
2012-12-28 01:00:00,17.46766085036711
2012-12-28 02:00:00,10.131624021512572
2012-12-28 03:00:00,5.318938096771055
2012-12-28 04:00:00,5.94343118979817
2012-12-28 05:00:00,30.7032544946873
2012-12-28 06:00:00,109.55157173038856
2012-12-28 07:00:00,309.38096394122715
2012-12-28 08:00:00,556.6677543994126
2012-12-28 09:00:00,296.2582214355567
2012-12-28 10:00:00,152.11564384642702
2012-12-28 11:00:00,166.5095946347649
2012-12-28 12:00:00,195.43369795880608
2012-12-28 13:00:00,195.2656461596343
2012-12-28 14:00:00,189.5921025519661
2012-12-28 15:00:00,200.26094643978428
2012-12-28 16:00:00,276.54817859156367
2012-12-28 17:00:00,391.33055673448075
2012-12-28 18:00:00,359.58898001734394
2012-12-28 19:00:00,278.1662066578158
2012-12-28 20:00:00,189.64571933844005
2012-12-28 21:00:00,143.97727831424868
2012-12-28 22:00:00,114.65934288149836
2012-12-28 23:00:00,91.01951315531717
2012-12-29 00:00:00,104.18240664583426
2012-12-29 01:00:00,93.13009863289255
2012-12-29 02:00:00,51.1481025789583
2012-12-29 03:00:00,21.958045236438487
2012-12-29 04:00:00,6.266746315620226
2012-12-29 05:00:00,5.8911246575618
2012-12-29 06:00:00,11.754606523703128
2012-12-29 07:00:00,45.142162441508496
2012-12-29 08:00:00,108.05817404175579
2012-12-29 09:00:00,164.40894511805766
2012-12-29 10:00:00,179.9125662474044
2012-12-29 11:00:00,179.73601168664814
2012-12-29 12:00:00,187.78684624492539
2012-12-29 13:00:00,191.59914663401165
2012-12-29 14:00:00,275.3649037790092
2012-12-29 15:00:00,268.84865303369054
2012-12-29 16:00:00,286.6804563113589
2012-12-29 17:00:00,198.1008785233468
2012-12-29 18:00:00,184.98058547986471
2012-12-29 19:00:00,166.35262710862878
2012-12-29 20:00:00,132.1876689768759
2012-12-29 21:00:00,88.20740758676764
2012-12-29 22:00:00,84.5147662385426
2012-12-29 23:00:00,93.63148598180285
2012-12-30 00:00:00,116.95052044440106
2012-12-30 01:00:00,110.22195143275688
2012-12-30 02:00:00,53.425907830322
2012-12-30 03:00:00,20.92745193245264
2012-12-30 04:00:00,6.617527487728929
2012-12-30 05:00:00,6.189314128862506
2012-12-30 06:00:00,8.432594507234002
2012-12-30 07:00:00,33.40101339084235
2012-12-30 08:00:00,93.96526757820153
2012-12-30 09:00:00,143.0788083209498
2012-12-30 10:00:00,219.22326305878448
2012-12-30 11:00:00,249.44402569386565
2012-12-30 12:00:00,278.99750498481006
2012-12-30 13:00:00,291.4130087056801
2012-12-30 14:00:00,286.8316914385614
2012-12-30 15:00:00,289.10636942963754
2012-12-30 16:00:00,258.95686477003727
2012-12-30 17:00:00,218.5638826642141
2012-12-30 18:00:00,181.46547487747506
2012-12-30 19:00:00,189.20705126263536
2012-12-30 20:00:00,105.39577577736887
2012-12-30 21:00:00,82.00125505454854
2012-12-30 22:00:00,68.59849688056391
2012-12-30 23:00:00,46.51218216456848
2012-12-31 00:00:00,19.755699018767153
2012-12-31 01:00:00,9.857640023387301
2012-12-31 02:00:00,5.086245596676309
2012-12-31 03:00:00,4.928364413276768
2012-12-31 04:00:00,6.6123678234123435
2012-12-31 05:00:00,32.95203667759723
2012-12-31 06:00:00,117.70850400896228
2012-12-31 07:00:00,318.5260269179304
2012-12-31 08:00:00,545.5541500796099
2012-12-31 09:00:00,257.8844174623872
2012-12-31 10:00:00,121.68146308062038
2012-12-31 11:00:00,126.91095039580885
2012-12-31 12:00:00,152.3488360272676
2012-12-31 13:00:00,177.8193667214438
2012-12-31 14:00:00,175.84182669600298
2012-12-31 15:00:00,184.59312327278042
2012-12-31 16:00:00,250.66665383895432
2012-12-31 17:00:00,414.6252415704889
2012-12-31 18:00:00,398.847093896296
2012-12-31 19:00:00,302.905052335161
2012-12-31 20:00:00,204.00772962577736
2012-12-31 21:00:00,150.6233892691544
2012-12-31 22:00:00,107.72539452397197
2012-12-31 23:00:00,59.49389903889941
